1.031842857142857065e+04
7.631285714285714675e+03
7.676285714285714675e+03
7.652857142857143117e+03
7.645142857142856883e+03
7.663714285714285325e+03
7.643714285714285325e+03
7.648000000000000000e+03
7.650428571428571558e+03
7.655571428571428442e+03
7.636285714285714675e+03
7.655285714285714675e+03
7.656285714285714675e+03
7.656142857142856883e+03
7.642428571428571558e+03
7.654000000000000000e+03
7.870285714285714675e+03
7.872571428571428442e+03
7.737714285714285325e+03
7.739857142857143117e+03
7.898285714285714675e+03
7.947857142857143117e+03
7.785142857142856883e+03
7.766285714285714675e+03
7.883714285714285325e+03
7.894428571428571558e+03
7.756428571428571558e+03
7.768285714285714675e+03
7.943857142857143117e+03
8.240714285714286234e+03
8.422142857142856883e+03
8.451714285714286234e+03
8.540714285714286234e+03
8.701285714285713766e+03
8.401857142857143117e+03
8.433714285714286234e+03
8.589428571428570649e+03
8.611142857142856883e+03
8.481142857142856883e+03
8.457857142857143117e+03
8.571285714285713766e+03
8.552285714285713766e+03
8.433857142857143117e+03
8.456428571428570649e+03
8.620714285714286234e+03
8.505428571428570649e+03
8.421571428571429351e+03
8.407714285714286234e+03
8.553857142857143117e+03
8.567142857142856883e+03
8.393000000000000000e+03
8.474000000000000000e+03
8.628285714285713766e+03
8.586428571428570649e+03
8.390714285714286234e+03
8.405857142857143117e+03
8.591000000000000000e+03
8.581571428571429351e+03
8.414285714285713766e+03
8.424285714285713766e+03
8.531000000000000000e+03
8.592428571428570649e+03
8.489428571428570649e+03
8.376285714285713766e+03
8.625714285714286234e+03
8.500714285714286234e+03
8.455714285714286234e+03
8.406428571428570649e+03
8.658714285714286234e+03
8.554714285714286234e+03
8.425857142857143117e+03
8.409428571428570649e+03
8.534428571428570649e+03
8.478714285714286234e+03
8.385000000000000000e+03
8.410142857142856883e+03
8.522142857142856883e+03
8.561428571428570649e+03
8.452428571428570649e+03
8.375428571428570649e+03
8.574285714285713766e+03
8.533142857142856883e+03
8.452714285714286234e+03
8.425571428571429351e+03
8.609000000000000000e+03
8.616714285714286234e+03
8.418142857142856883e+03
8.420428571428570649e+03
8.547142857142856883e+03
8.513714285714286234e+03
8.417857142857143117e+03
8.395000000000000000e+03
8.620142857142856883e+03
8.506000000000000000e+03
8.473571428571429351e+03
8.407714285714286234e+03
8.623142857142856883e+03
8.542000000000000000e+03
8.389142857142856883e+03
8.405428571428570649e+03
8.589714285714286234e+03
8.567857142857143117e+03
8.432857142857143117e+03
8.387714285714286234e+03
8.574571428571429351e+03
8.522000000000000000e+03
8.396714285714286234e+03
8.382285714285713766e+03
8.592428571428570649e+03
8.551571428571429351e+03
8.402142857142856883e+03
8.407285714285713766e+03
8.591000000000000000e+03
8.507142857142856883e+03
8.437857142857143117e+03
8.421428571428570649e+03
8.588714285714286234e+03
8.579428571428570649e+03
8.434285714285713766e+03
8.388857142857143117e+03
8.635428571428570649e+03
8.576714285714286234e+03
8.374285714285713766e+03
8.365285714285713766e+03
8.484714285714286234e+03
8.542571428571429351e+03
8.376428571428570649e+03
8.447571428571429351e+03
8.525000000000000000e+03
8.515571428571429351e+03
8.396000000000000000e+03
8.394571428571429351e+03
8.553428571428570649e+03
8.520285714285713766e+03
8.421428571428570649e+03
8.441714285714286234e+03
8.627285714285713766e+03
8.593142857142856883e+03
8.415142857142856883e+03
8.394285714285713766e+03
8.490000000000000000e+03
8.575857142857143117e+03
8.335000000000000000e+03
8.382142857142856883e+03
8.520857142857143117e+03
8.590000000000000000e+03
8.374714285714286234e+03
8.383428571428570649e+03
8.544571428571429351e+03
8.502142857142856883e+03
8.404714285714286234e+03
8.398571428571429351e+03
8.533714285714286234e+03
8.484285714285713766e+03
8.418714285714286234e+03
8.356142857142856883e+03
8.618285714285713766e+03
8.574857142857143117e+03
8.403714285714286234e+03
8.363714285714286234e+03
8.497428571428570649e+03
8.541142857142856883e+03
8.383428571428570649e+03
8.445857142857143117e+03
8.561000000000000000e+03
8.519142857142856883e+03
8.415428571428570649e+03
8.346857142857143117e+03
8.538714285714286234e+03
8.537714285714286234e+03
8.465000000000000000e+03
8.378285714285713766e+03
8.551428571428570649e+03
8.516000000000000000e+03
8.382285714285713766e+03
8.372142857142856883e+03
8.497142857142856883e+03
8.470142857142856883e+03
8.382285714285713766e+03
8.415428571428570649e+03
8.514285714285713766e+03
8.558428571428570649e+03
8.351000000000000000e+03
8.393714285714286234e+03
8.475571428571429351e+03
8.530571428571429351e+03
8.360000000000000000e+03
8.421428571428570649e+03
8.553285714285713766e+03
8.506857142857143117e+03
8.395142857142856883e+03
8.391285714285713766e+03
8.596285714285713766e+03
8.484285714285713766e+03
8.433857142857143117e+03
8.420714285714286234e+03
8.560428571428570649e+03
8.515571428571429351e+03
8.375571428571429351e+03
8.369571428571429351e+03
8.518857142857143117e+03
8.552714285714286234e+03
8.401714285714286234e+03
8.387571428571429351e+03
8.513428571428570649e+03
8.537571428571429351e+03
8.344142857142856883e+03
8.376142857142856883e+03
8.500000000000000000e+03
8.543000000000000000e+03
8.376142857142856883e+03
8.402142857142856883e+03
8.567571428571429351e+03
8.590714285714286234e+03
8.412142857142856883e+03
8.359285714285713766e+03
8.455428571428570649e+03
8.491714285714286234e+03
8.345571428571429351e+03
8.407000000000000000e+03
8.502285714285713766e+03
8.483714285714286234e+03
8.464142857142856883e+03
8.367857142857143117e+03
8.544000000000000000e+03
8.534428571428570649e+03
8.402142857142856883e+03
8.354000000000000000e+03
8.546428571428570649e+03
8.424285714285713766e+03
8.388857142857143117e+03
8.374142857142856883e+03
8.551571428571429351e+03
8.528000000000000000e+03
8.350142857142856883e+03
8.350714285714286234e+03
8.575142857142856883e+03
8.554000000000000000e+03
8.410000000000000000e+03
8.384714285714286234e+03
8.475714285714286234e+03
8.523714285714286234e+03
8.379000000000000000e+03
8.394142857142856883e+03
8.555000000000000000e+03
8.548000000000000000e+03
8.391428571428570649e+03
8.412857142857143117e+03
8.539285714285713766e+03
8.550428571428570649e+03
8.381285714285713766e+03
8.311142857142856883e+03
8.485285714285713766e+03
8.508285714285713766e+03
8.369142857142856883e+03
8.387142857142856883e+03
8.542571428571429351e+03
8.437428571428570649e+03
8.382142857142856883e+03
8.351857142857143117e+03
8.514571428571429351e+03
8.485714285714286234e+03
8.371142857142856883e+03
8.350000000000000000e+03
8.545857142857143117e+03
8.530142857142856883e+03
8.357714285714286234e+03
8.363428571428570649e+03
8.531571428571429351e+03
8.535142857142856883e+03
8.391285714285713766e+03
8.397714285714286234e+03
8.554428571428570649e+03
8.525571428571429351e+03
8.372142857142856883e+03
8.382714285714286234e+03
8.497428571428570649e+03
8.459285714285713766e+03
8.433857142857143117e+03
8.360857142857143117e+03
8.568000000000000000e+03
8.364857142857143117e+03
8.353857142857143117e+03
8.351571428571429351e+03
8.484714285714286234e+03
8.460285714285713766e+03
8.414000000000000000e+03
8.357000000000000000e+03
8.611857142857143117e+03
8.461714285714286234e+03
8.353571428571429351e+03
8.363428571428570649e+03
8.546000000000000000e+03
8.480142857142856883e+03
8.314857142857143117e+03
8.395428571428570649e+03
8.544428571428570649e+03
8.497285714285713766e+03
8.332000000000000000e+03
8.358571428571429351e+03
8.555000000000000000e+03
8.450571428571429351e+03
8.385571428571429351e+03
8.352428571428570649e+03
8.476714285714286234e+03
8.515142857142856883e+03
8.326714285714286234e+03
8.382571428571429351e+03
8.481000000000000000e+03
8.503285714285713766e+03
8.394714285714286234e+03
8.393428571428570649e+03
8.471142857142856883e+03
8.487571428571429351e+03
8.355571428571429351e+03
8.338000000000000000e+03
8.498428571428570649e+03
8.483142857142856883e+03
8.362571428571429351e+03
8.341714285714286234e+03
8.490428571428570649e+03
8.552714285714286234e+03
8.412857142857143117e+03
8.319000000000000000e+03
8.442714285714286234e+03
8.561000000000000000e+03
8.304000000000000000e+03
8.385857142857143117e+03
8.572142857142856883e+03
8.506142857142856883e+03
8.399000000000000000e+03
8.372000000000000000e+03
8.474285714285713766e+03
8.531142857142856883e+03
8.368142857142856883e+03
8.427857142857143117e+03
8.582285714285713766e+03
8.441285714285713766e+03
8.336000000000000000e+03
8.333857142857143117e+03
8.571142857142856883e+03
8.465285714285713766e+03
8.403428571428570649e+03
8.333428571428570649e+03
8.553857142857143117e+03
8.347285714285713766e+03
8.320714285714286234e+03
8.379285714285713766e+03
8.526285714285713766e+03
8.484571428571429351e+03
8.342142857142856883e+03
8.353857142857143117e+03
8.496000000000000000e+03
8.552714285714286234e+03
8.307714285714286234e+03
8.307857142857143117e+03
8.527428571428570649e+03
8.544714285714286234e+03
8.307857142857143117e+03
8.323285714285713766e+03
8.536571428571429351e+03
8.474000000000000000e+03
8.361571428571429351e+03
8.393285714285713766e+03
8.548000000000000000e+03
8.532428571428570649e+03
8.318285714285713766e+03
8.331714285714286234e+03
8.566142857142856883e+03
8.449285714285713766e+03
8.403142857142856883e+03
8.388571428571429351e+03
8.592714285714286234e+03
8.502428571428570649e+03
8.337857142857143117e+03
8.379428571428570649e+03
8.536571428571429351e+03
8.472857142857143117e+03
8.312285714285713766e+03
8.340857142857143117e+03
8.529714285714286234e+03
8.524142857142856883e+03
8.372571428571429351e+03
8.321714285714286234e+03
8.493000000000000000e+03
8.479000000000000000e+03
8.409285714285713766e+03
8.301714285714286234e+03
8.464285714285713766e+03
8.517714285714286234e+03
8.336428571428570649e+03
8.316714285714286234e+03
8.525428571428570649e+03
8.480142857142856883e+03
8.313142857142856883e+03
8.371571428571429351e+03
8.534428571428570649e+03
8.463714285714286234e+03
8.325857142857143117e+03
8.301428571428570649e+03
8.535714285714286234e+03
8.515857142857143117e+03
8.327000000000000000e+03
8.369571428571429351e+03
8.516428571428570649e+03
8.488285714285713766e+03
8.323000000000000000e+03
8.374857142857143117e+03
8.544857142857143117e+03
8.432714285714286234e+03
8.355714285714286234e+03
8.330285714285713766e+03
8.514428571428570649e+03
8.521000000000000000e+03
8.354000000000000000e+03
8.322571428571429351e+03
8.498142857142856883e+03
8.493285714285713766e+03
8.341428571428570649e+03
8.342571428571429351e+03
8.557714285714286234e+03
8.454000000000000000e+03
8.402428571428570649e+03
8.368285714285713766e+03
8.567142857142856883e+03
8.428000000000000000e+03
8.385714285714286234e+03
8.350857142857143117e+03
8.501571428571429351e+03
8.454285714285713766e+03
8.381714285714286234e+03
8.347571428571429351e+03
8.479714285714286234e+03
8.503714285714286234e+03
8.317857142857143117e+03
8.346142857142856883e+03
8.454857142857143117e+03
8.488142857142856883e+03
8.333428571428570649e+03
8.277142857142856883e+03
8.598714285714286234e+03
8.492428571428570649e+03
8.296714285714286234e+03
8.345571428571429351e+03
8.457428571428570649e+03
8.518857142857143117e+03
8.378142857142856883e+03
8.291142857142856883e+03
8.449428571428570649e+03
8.504428571428570649e+03
8.337285714285713766e+03
8.355285714285713766e+03
8.507571428571429351e+03
8.451285714285713766e+03
8.405000000000000000e+03
8.357857142857143117e+03
8.537428571428570649e+03
8.529142857142856883e+03
8.406142857142856883e+03
8.380857142857143117e+03
8.555857142857143117e+03
8.479000000000000000e+03
8.382285714285713766e+03
8.418000000000000000e+03
8.540857142857143117e+03
8.519571428571429351e+03
8.395285714285713766e+03
8.349714285714286234e+03
8.547000000000000000e+03
8.622285714285713766e+03
8.442571428571429351e+03
8.332000000000000000e+03
8.556857142857143117e+03
8.478571428571429351e+03
8.344285714285713766e+03
8.382142857142856883e+03
8.545714285714286234e+03
8.506142857142856883e+03
8.361000000000000000e+03
8.352428571428570649e+03
8.535428571428570649e+03
8.504714285714286234e+03
8.406142857142856883e+03
8.347000000000000000e+03
8.537571428571429351e+03
8.389142857142856883e+03
8.399857142857143117e+03
8.347714285714286234e+03
8.575285714285713766e+03
8.539000000000000000e+03
8.382142857142856883e+03
8.392285714285713766e+03
8.583142857142856883e+03
8.582857142857143117e+03
8.396000000000000000e+03
8.354142857142856883e+03
8.518857142857143117e+03
8.535000000000000000e+03
8.321000000000000000e+03
8.421285714285713766e+03
8.486714285714286234e+03
8.533285714285713766e+03
8.342142857142856883e+03
8.340000000000000000e+03
8.530571428571429351e+03
8.501000000000000000e+03
8.390714285714286234e+03
8.441285714285713766e+03
8.623571428571429351e+03
8.556857142857143117e+03
8.385142857142856883e+03
8.371285714285713766e+03
8.582714285714286234e+03
8.441142857142856883e+03
8.384571428571429351e+03
8.397285714285713766e+03
8.596714285714286234e+03
8.506428571428570649e+03
8.380000000000000000e+03
8.412142857142856883e+03
8.544857142857143117e+03
8.579285714285713766e+03
8.403285714285713766e+03
8.344857142857143117e+03
8.566571428571429351e+03
8.627000000000000000e+03
8.413428571428570649e+03
8.410428571428570649e+03
8.590000000000000000e+03
8.546857142857143117e+03
8.395285714285713766e+03
8.375714285714286234e+03
8.564857142857143117e+03
8.570714285714286234e+03
8.402285714285713766e+03
8.386714285714286234e+03
8.544571428571429351e+03
8.512714285714286234e+03
8.395000000000000000e+03
8.397857142857143117e+03
8.637285714285713766e+03
8.565857142857143117e+03
8.439714285714286234e+03
8.408000000000000000e+03
8.575428571428570649e+03
8.525428571428570649e+03
8.413571428571429351e+03
8.382428571428570649e+03
8.509428571428570649e+03
8.523142857142856883e+03
8.442142857142856883e+03
8.328428571428570649e+03
8.574000000000000000e+03
8.525571428571429351e+03
8.399142857142856883e+03
8.407142857142856883e+03
8.597285714285713766e+03
8.570142857142856883e+03
8.393428571428570649e+03
8.486428571428570649e+03
8.520428571428570649e+03
8.598857142857143117e+03
8.410000000000000000e+03
8.425285714285713766e+03
8.627428571428570649e+03
8.547285714285713766e+03
8.364857142857143117e+03
8.387857142857143117e+03
8.457285714285713766e+03
8.487857142857143117e+03
8.403000000000000000e+03
8.415428571428570649e+03
8.576857142857143117e+03
8.544857142857143117e+03
8.374857142857143117e+03
8.378142857142856883e+03
8.486285714285713766e+03
8.573428571428570649e+03
8.441857142857143117e+03
8.395857142857143117e+03
8.586142857142856883e+03
8.590285714285713766e+03
8.380142857142856883e+03
8.434285714285713766e+03
8.555428571428570649e+03
8.499428571428570649e+03
8.420428571428570649e+03
8.427285714285713766e+03
8.593142857142856883e+03
8.578857142857143117e+03
8.388571428571429351e+03
8.385285714285713766e+03
8.514428571428570649e+03
8.516714285714286234e+03
8.413857142857143117e+03
8.411285714285713766e+03
8.553714285714286234e+03
8.559428571428570649e+03
8.378714285714286234e+03
8.413857142857143117e+03
8.509857142857143117e+03
8.479000000000000000e+03
8.410142857142856883e+03
8.451142857142856883e+03
8.597857142857143117e+03
8.537000000000000000e+03
8.416142857142856883e+03
8.405857142857143117e+03
8.563000000000000000e+03
8.539428571428570649e+03
8.376857142857143117e+03
8.389857142857143117e+03
8.565428571428570649e+03
8.537857142857143117e+03
8.425428571428570649e+03
8.463714285714286234e+03
8.530000000000000000e+03
8.555142857142856883e+03
8.428857142857143117e+03
8.504142857142856883e+03
8.453571428571429351e+03
8.513142857142856883e+03
8.402142857142856883e+03
8.400571428571429351e+03
8.523000000000000000e+03
8.506285714285713766e+03
8.419000000000000000e+03
8.437142857142856883e+03
8.531857142857143117e+03
8.519714285714286234e+03
8.417571428571429351e+03
8.521714285714286234e+03
8.619000000000000000e+03
8.644857142857143117e+03
8.463714285714286234e+03
8.388285714285713766e+03
8.576000000000000000e+03
8.584142857142856883e+03
8.401428571428570649e+03
8.415857142857143117e+03
8.507000000000000000e+03
8.624285714285713766e+03
8.450000000000000000e+03
8.390000000000000000e+03
8.528571428571429351e+03
8.550142857142856883e+03
8.407428571428570649e+03
8.422714285714286234e+03
8.564571428571429351e+03
8.550000000000000000e+03
8.463285714285713766e+03
8.421000000000000000e+03
8.553428571428570649e+03
8.622142857142856883e+03
8.446857142857143117e+03
8.492714285714286234e+03
8.580142857142856883e+03
8.505857142857143117e+03
8.462428571428570649e+03
8.419571428571429351e+03
8.645857142857143117e+03
8.511857142857143117e+03
8.509428571428570649e+03
8.409714285714286234e+03
8.507857142857143117e+03
8.572714285714286234e+03
8.439857142857143117e+03
8.382857142857143117e+03
8.474571428571429351e+03
8.561714285714286234e+03
8.428571428571429351e+03
8.420428571428570649e+03
8.578142857142856883e+03
8.578714285714286234e+03
8.412142857142856883e+03
8.395142857142856883e+03
8.528571428571429351e+03
8.545285714285713766e+03
8.379857142857143117e+03
8.418142857142856883e+03
8.583142857142856883e+03
8.581285714285713766e+03
8.436142857142856883e+03
8.522714285714286234e+03
8.565000000000000000e+03
8.511857142857143117e+03
8.492857142857143117e+03
8.431714285714286234e+03
8.591714285714286234e+03
8.561000000000000000e+03
8.449142857142856883e+03
8.423857142857143117e+03
8.530857142857143117e+03
8.612285714285713766e+03
8.498571428571429351e+03
8.611285714285713766e+03
8.620571428571429351e+03
8.578571428571429351e+03
8.391000000000000000e+03
8.439857142857143117e+03
8.511714285714286234e+03
8.492571428571429351e+03
8.467285714285713766e+03
8.406285714285713766e+03
8.546857142857143117e+03
8.551571428571429351e+03
8.442571428571429351e+03
8.483000000000000000e+03
8.547285714285713766e+03
8.606428571428570649e+03
8.453571428571429351e+03
8.423571428571429351e+03
8.665285714285713766e+03
8.598000000000000000e+03
8.472571428571429351e+03
8.387428571428570649e+03
8.602571428571429351e+03
8.567285714285713766e+03
8.459285714285713766e+03
8.452285714285713766e+03
8.570714285714286234e+03
8.532285714285713766e+03
8.445857142857143117e+03
8.445285714285713766e+03
8.627142857142856883e+03
8.607285714285713766e+03
8.449571428571429351e+03
8.444571428571429351e+03
8.597857142857143117e+03
8.610571428571429351e+03
8.533714285714286234e+03
8.432000000000000000e+03
8.593000000000000000e+03
8.559000000000000000e+03
8.437142857142856883e+03
8.421428571428570649e+03
8.606714285714286234e+03
8.552000000000000000e+03
8.453857142857143117e+03
8.488428571428570649e+03
8.551285714285713766e+03
8.560857142857143117e+03
8.478714285714286234e+03
8.420142857142856883e+03
8.587142857142856883e+03
8.542000000000000000e+03
8.466142857142856883e+03
8.482000000000000000e+03
8.553142857142856883e+03
8.582142857142856883e+03
8.505857142857143117e+03
8.474571428571429351e+03
8.536000000000000000e+03
8.636285714285713766e+03
8.437571428571429351e+03
8.414285714285713766e+03
8.613428571428570649e+03
8.617714285714286234e+03
8.512285714285713766e+03
8.443857142857143117e+03
8.612142857142856883e+03
8.575142857142856883e+03
8.443857142857143117e+03
8.511571428571429351e+03
8.595571428571429351e+03
8.569285714285713766e+03
8.473142857142856883e+03
8.453000000000000000e+03
8.664000000000000000e+03
8.562000000000000000e+03
8.446571428571429351e+03
8.432285714285713766e+03
8.648571428571429351e+03
8.632714285714286234e+03
8.487714285714286234e+03
8.454428571428570649e+03
8.533428571428570649e+03
8.595285714285713766e+03
8.512857142857143117e+03
8.418714285714286234e+03
8.518428571428570649e+03
8.556714285714286234e+03
8.480857142857143117e+03
8.428000000000000000e+03
8.549714285714286234e+03
8.620285714285713766e+03
8.453857142857143117e+03
8.401142857142856883e+03
8.617714285714286234e+03
8.597000000000000000e+03
8.466285714285713766e+03
8.443142857142856883e+03
8.632000000000000000e+03
8.585857142857143117e+03
8.415000000000000000e+03
8.427857142857143117e+03
8.653714285714286234e+03
8.624285714285713766e+03
8.491428571428570649e+03
8.412285714285713766e+03
8.582428571428570649e+03
8.564285714285713766e+03
8.458428571428570649e+03
8.426142857142856883e+03
8.616571428571429351e+03
8.634428571428570649e+03
8.485285714285713766e+03
8.497142857142856883e+03
8.547142857142856883e+03
8.622714285714286234e+03
8.443285714285713766e+03
8.442000000000000000e+03
8.686285714285713766e+03
8.626857142857143117e+03
8.473428571428570649e+03
8.422000000000000000e+03
8.628714285714286234e+03
8.639000000000000000e+03
8.410571428571429351e+03
8.413571428571429351e+03
8.527571428571429351e+03
8.616428571428570649e+03
8.482428571428570649e+03
8.440000000000000000e+03
8.554571428571429351e+03
8.553000000000000000e+03
8.479571428571429351e+03
8.432571428571429351e+03
8.600285714285713766e+03
8.596714285714286234e+03
8.480285714285713766e+03
8.494285714285713766e+03
8.581857142857143117e+03
8.606142857142856883e+03
8.403571428571429351e+03
8.423428571428570649e+03
8.494714285714286234e+03
8.540857142857143117e+03
8.469857142857143117e+03
8.429714285714286234e+03
8.614428571428570649e+03
8.592428571428570649e+03
8.478428571428570649e+03
8.431428571428570649e+03
8.632571428571429351e+03
8.609571428571429351e+03
8.424571428571429351e+03
8.441428571428570649e+03
8.654714285714286234e+03
8.527714285714286234e+03
8.426285714285713766e+03
8.419428571428570649e+03
8.597428571428570649e+03
8.573857142857143117e+03
8.441857142857143117e+03
8.453285714285713766e+03
8.631000000000000000e+03
8.622571428571429351e+03
8.462571428571429351e+03
8.414571428571429351e+03
8.574000000000000000e+03
8.565714285714286234e+03
8.484285714285713766e+03
8.469571428571429351e+03
8.510857142857143117e+03
8.560571428571429351e+03
8.514000000000000000e+03
8.465000000000000000e+03
8.608714285714286234e+03
8.614142857142856883e+03
8.404000000000000000e+03
8.435285714285713766e+03
8.537285714285713766e+03
8.610285714285713766e+03
8.404285714285713766e+03
8.442000000000000000e+03
8.572285714285713766e+03
8.646857142857143117e+03
8.415285714285713766e+03
8.476571428571429351e+03
8.573142857142856883e+03
8.558285714285713766e+03
8.483142857142856883e+03
8.479142857142856883e+03
8.602571428571429351e+03
8.594571428571429351e+03
8.461285714285713766e+03
8.455571428571429351e+03
8.514857142857143117e+03
8.587000000000000000e+03
8.491714285714286234e+03
8.493857142857143117e+03
8.594571428571429351e+03
8.564714285714286234e+03
8.446714285714286234e+03
8.427857142857143117e+03
8.554571428571429351e+03
8.540428571428570649e+03
8.489571428571429351e+03
8.427428571428570649e+03
8.612857142857143117e+03
8.619571428571429351e+03
8.453000000000000000e+03
8.435142857142856883e+03
8.588142857142856883e+03
8.579857142857143117e+03
8.523714285714286234e+03
8.472571428571429351e+03
8.641571428571429351e+03
8.619857142857143117e+03
8.492428571428570649e+03
8.449571428571429351e+03
8.556285714285713766e+03
8.635142857142856883e+03
8.423142857142856883e+03
8.455000000000000000e+03
8.485857142857143117e+03
8.569714285714286234e+03
8.415428571428570649e+03
8.460714285714286234e+03
8.630428571428570649e+03
8.576857142857143117e+03
8.516285714285713766e+03
8.453142857142856883e+03
8.641714285714286234e+03
8.537000000000000000e+03
8.412714285714286234e+03
8.470571428571429351e+03
8.576000000000000000e+03
8.517571428571429351e+03
8.485142857142856883e+03
8.452714285714286234e+03
8.586285714285713766e+03
8.561000000000000000e+03
8.444000000000000000e+03
8.427571428571429351e+03
8.607142857142856883e+03
8.596285714285713766e+03
8.518571428571429351e+03
8.398857142857143117e+03
8.550285714285713766e+03
8.464571428571429351e+03
8.452714285714286234e+03
8.423428571428570649e+03
8.527714285714286234e+03
8.534857142857143117e+03
8.450000000000000000e+03
8.449857142857143117e+03
8.589428571428570649e+03
8.507000000000000000e+03
8.429285714285713766e+03
8.485142857142856883e+03
8.631571428571429351e+03
8.609857142857143117e+03
8.446714285714286234e+03
8.414857142857143117e+03
8.566285714285713766e+03
8.545857142857143117e+03
8.444571428571429351e+03
8.431571428571429351e+03
8.616285714285713766e+03
8.658000000000000000e+03
8.410428571428570649e+03
8.394714285714286234e+03
8.608142857142856883e+03
8.530428571428570649e+03
8.445428571428570649e+03
8.445142857142856883e+03
8.537428571428570649e+03
8.513142857142856883e+03
8.455571428571429351e+03
8.487571428571429351e+03
8.638285714285713766e+03
8.564000000000000000e+03
8.480142857142856883e+03
8.466857142857143117e+03
8.553571428571429351e+03
8.589000000000000000e+03
8.455857142857143117e+03
8.474000000000000000e+03
8.676000000000000000e+03
8.497000000000000000e+03
8.475571428571429351e+03
8.519428571428570649e+03
8.618000000000000000e+03
8.535857142857143117e+03
8.448428571428570649e+03
8.421000000000000000e+03
8.630285714285713766e+03
8.579000000000000000e+03
8.506142857142856883e+03
8.459714285714286234e+03
8.598714285714286234e+03
8.611571428571429351e+03
8.490000000000000000e+03
8.405714285714286234e+03
8.583000000000000000e+03
8.601142857142856883e+03
8.456714285714286234e+03
8.458000000000000000e+03
8.596428571428570649e+03
8.521142857142856883e+03
8.434857142857143117e+03
8.493571428571429351e+03
8.608000000000000000e+03
8.515428571428570649e+03
8.469857142857143117e+03
8.461000000000000000e+03
8.604571428571429351e+03
8.498000000000000000e+03
8.452000000000000000e+03
8.436285714285713766e+03
8.648000000000000000e+03
8.578285714285713766e+03
8.492000000000000000e+03
8.432142857142856883e+03
8.594285714285713766e+03
8.601142857142856883e+03
8.477428571428570649e+03
8.461142857142856883e+03
8.596428571428570649e+03
8.643142857142856883e+03
8.486428571428570649e+03
8.472571428571429351e+03
8.606714285714286234e+03
8.599142857142856883e+03
8.461428571428570649e+03
8.445428571428570649e+03
8.546142857142856883e+03
8.601000000000000000e+03
8.527428571428570649e+03
8.473285714285713766e+03
8.608714285714286234e+03
8.640142857142856883e+03
8.466000000000000000e+03
8.468000000000000000e+03
8.605857142857143117e+03
8.563857142857143117e+03
8.477714285714286234e+03
8.468428571428570649e+03
8.583857142857143117e+03
8.601142857142856883e+03
8.484142857142856883e+03
8.450142857142856883e+03
8.601142857142856883e+03
8.529428571428570649e+03
8.484714285714286234e+03
8.467428571428570649e+03
8.583142857142856883e+03
8.571428571428570649e+03
8.480000000000000000e+03
8.508714285714286234e+03
8.616428571428570649e+03
8.598857142857143117e+03
8.503571428571429351e+03
8.424428571428570649e+03
8.648571428571429351e+03
8.634142857142856883e+03
8.448142857142856883e+03
8.484571428571429351e+03
8.574428571428570649e+03
8.565571428571429351e+03
8.506142857142856883e+03
8.425000000000000000e+03
8.535857142857143117e+03
8.569000000000000000e+03
8.488000000000000000e+03
8.448857142857143117e+03
8.535142857142856883e+03
8.489000000000000000e+03
8.499571428571429351e+03
8.458428571428570649e+03
8.595142857142856883e+03
8.580857142857143117e+03
8.452428571428570649e+03
8.531714285714286234e+03
8.649428571428570649e+03
8.551428571428570649e+03
8.483000000000000000e+03
8.467142857142856883e+03
8.652285714285713766e+03
8.593285714285713766e+03
8.520571428571429351e+03
8.477857142857143117e+03
8.613857142857143117e+03
8.624714285714286234e+03
8.498000000000000000e+03
8.447571428571429351e+03
8.587714285714286234e+03
8.575285714285713766e+03
8.493285714285713766e+03
8.455428571428570649e+03
8.564428571428570649e+03
8.576714285714286234e+03
8.462142857142856883e+03
8.463857142857143117e+03
8.541857142857143117e+03
8.661428571428570649e+03
8.476000000000000000e+03
8.498285714285713766e+03
8.652428571428570649e+03
8.582000000000000000e+03
8.444142857142856883e+03
8.467857142857143117e+03
8.610857142857143117e+03
8.623714285714286234e+03
8.471857142857143117e+03
8.498285714285713766e+03
8.577857142857143117e+03
8.561000000000000000e+03
8.459857142857143117e+03
8.480000000000000000e+03
8.587571428571429351e+03
8.538857142857143117e+03
8.430285714285713766e+03
8.445714285714286234e+03
8.622142857142856883e+03
8.589142857142856883e+03
8.475285714285713766e+03
8.493142857142856883e+03
8.658571428571429351e+03
8.577000000000000000e+03
8.466857142857143117e+03
8.570714285714286234e+03
8.646714285714286234e+03
8.663142857142856883e+03
8.562428571428570649e+03
8.451000000000000000e+03
8.539714285714286234e+03
8.564000000000000000e+03
8.416142857142856883e+03
8.474142857142856883e+03
8.682000000000000000e+03
8.598142857142856883e+03
8.476142857142856883e+03
8.508428571428570649e+03
8.633428571428570649e+03
8.568000000000000000e+03
8.524714285714286234e+03
8.467857142857143117e+03
8.649285714285713766e+03
8.579714285714286234e+03
8.512714285714286234e+03
8.460142857142856883e+03
8.677285714285713766e+03
8.679571428571429351e+03
8.440714285714286234e+03
8.552571428571429351e+03
8.581857142857143117e+03
8.529285714285713766e+03
8.447142857142856883e+03
8.445285714285713766e+03
8.541000000000000000e+03
8.520714285714286234e+03
8.508857142857143117e+03
8.505857142857143117e+03
8.709714285714286234e+03
8.573857142857143117e+03
8.455714285714286234e+03
8.498714285714286234e+03
8.540285714285713766e+03
8.667000000000000000e+03
8.463142857142856883e+03
8.469714285714286234e+03
8.639857142857143117e+03
8.613857142857143117e+03
8.493000000000000000e+03
8.456857142857143117e+03
8.600571428571429351e+03
8.621000000000000000e+03
8.526000000000000000e+03
8.475285714285713766e+03
8.621142857142856883e+03
8.630000000000000000e+03
8.504857142857143117e+03
8.492285714285713766e+03
8.564857142857143117e+03
8.736571428571429351e+03
8.507714285714286234e+03
8.524428571428570649e+03
8.660428571428570649e+03
8.617285714285713766e+03
8.503571428571429351e+03
8.477285714285713766e+03
8.704285714285713766e+03
8.585857142857143117e+03
8.521285714285713766e+03
8.498714285714286234e+03
8.597571428571429351e+03
8.567428571428570649e+03
8.522285714285713766e+03
8.574714285714286234e+03
8.693428571428570649e+03
8.656285714285713766e+03
8.462285714285713766e+03
8.549714285714286234e+03
8.649571428571429351e+03
8.602714285714286234e+03
8.528285714285713766e+03
8.479857142857143117e+03
8.641428571428570649e+03
8.614428571428570649e+03
8.531428571428570649e+03
8.505428571428570649e+03
8.652142857142856883e+03
8.572428571428570649e+03
8.543285714285713766e+03
8.499142857142856883e+03
8.669000000000000000e+03
8.673142857142856883e+03
8.532714285714286234e+03
8.539428571428570649e+03
8.659285714285713766e+03
8.668000000000000000e+03
8.535428571428570649e+03
8.567285714285713766e+03
8.679857142857143117e+03
8.606428571428570649e+03
8.500857142857143117e+03
8.505714285714286234e+03
8.645000000000000000e+03
8.693000000000000000e+03
8.559714285714286234e+03
8.539857142857143117e+03
8.619571428571429351e+03
8.663857142857143117e+03
8.537428571428570649e+03
8.507142857142856883e+03
8.659000000000000000e+03
8.590142857142856883e+03
8.495428571428570649e+03
8.518571428571429351e+03
8.639571428571429351e+03
8.666571428571429351e+03
8.502428571428570649e+03
8.577285714285713766e+03
8.733285714285713766e+03
8.647571428571429351e+03
8.526857142857143117e+03
8.565142857142856883e+03
8.702428571428570649e+03
8.629428571428570649e+03
8.533428571428570649e+03
8.535571428571429351e+03
8.606428571428570649e+03
8.653142857142856883e+03
8.564857142857143117e+03
8.546714285714286234e+03
8.652142857142856883e+03
8.631000000000000000e+03
8.532857142857143117e+03
8.556285714285713766e+03
8.643571428571429351e+03
8.592857142857143117e+03
8.603571428571429351e+03
8.505857142857143117e+03
8.630000000000000000e+03
8.645000000000000000e+03
8.540857142857143117e+03
8.594714285714286234e+03
8.702857142857143117e+03
8.604571428571429351e+03
8.588428571428570649e+03
8.559571428571429351e+03
8.740428571428570649e+03
8.611000000000000000e+03
8.569285714285713766e+03
8.602857142857143117e+03
8.742714285714286234e+03
8.664571428571429351e+03
8.533428571428570649e+03
8.566857142857143117e+03
8.691571428571429351e+03
8.671714285714286234e+03
8.588714285714286234e+03
8.596714285714286234e+03
8.714142857142856883e+03
8.692428571428570649e+03
8.573142857142856883e+03
8.667000000000000000e+03
8.749428571428570649e+03
8.731857142857143117e+03
8.594142857142856883e+03
8.606571428571429351e+03
8.765857142857143117e+03
8.638857142857143117e+03
8.599571428571429351e+03
8.539571428571429351e+03
8.696285714285713766e+03
8.588857142857143117e+03
8.569000000000000000e+03
8.596000000000000000e+03
8.814142857142856883e+03
8.679714285714286234e+03
8.603142857142856883e+03
8.618428571428570649e+03
8.797857142857143117e+03
8.676000000000000000e+03
8.581857142857143117e+03
8.579571428571429351e+03
8.686142857142856883e+03
8.646285714285713766e+03
8.582285714285713766e+03
8.678857142857143117e+03
8.700285714285713766e+03
8.716428571428570649e+03
8.615142857142856883e+03
8.634285714285713766e+03
8.780714285714286234e+03
8.820714285714286234e+03
8.622428571428570649e+03
8.616285714285713766e+03
8.770428571428570649e+03
8.804571428571429351e+03
8.591428571428570649e+03
8.608714285714286234e+03
8.773285714285713766e+03
8.731000000000000000e+03
8.597571428571429351e+03
8.632857142857143117e+03
8.862857142857143117e+03
8.733000000000000000e+03
8.589285714285713766e+03
8.612142857142856883e+03
8.706142857142856883e+03
8.776000000000000000e+03
8.649857142857143117e+03
8.638857142857143117e+03
8.742285714285713766e+03
8.706857142857143117e+03
8.637142857142856883e+03
8.658714285714286234e+03
8.811714285714286234e+03
8.734571428571429351e+03
8.626000000000000000e+03
8.617285714285713766e+03
8.746857142857143117e+03
8.790857142857143117e+03
8.676571428571429351e+03
8.615000000000000000e+03
8.897857142857143117e+03
8.788857142857143117e+03
8.689285714285713766e+03
8.680000000000000000e+03
8.930428571428570649e+03
8.880142857142856883e+03
8.665571428571429351e+03
8.670285714285713766e+03
8.881000000000000000e+03
8.888142857142856883e+03
8.639428571428570649e+03
8.754285714285713766e+03
8.929857142857143117e+03
8.819285714285713766e+03
8.695000000000000000e+03
8.690428571428570649e+03
8.858857142857143117e+03
8.792571428571429351e+03
8.691428571428570649e+03
8.670571428571429351e+03
8.790000000000000000e+03
8.699000000000000000e+03
8.751714285714286234e+03
8.685857142857143117e+03
8.811142857142856883e+03
8.809857142857143117e+03
8.691142857142856883e+03
8.660285714285713766e+03
8.875142857142856883e+03
8.832428571428570649e+03
8.726714285714286234e+03
8.710285714285713766e+03
8.815714285714286234e+03
8.834428571428570649e+03
8.684428571428570649e+03
8.714428571428570649e+03
8.955428571428570649e+03
8.763285714285713766e+03
8.803714285714286234e+03
8.722428571428570649e+03
8.834000000000000000e+03
8.939428571428570649e+03
8.726285714285713766e+03
8.783857142857143117e+03
8.843571428571429351e+03
8.809000000000000000e+03
8.803714285714286234e+03
8.762857142857143117e+03
8.924285714285713766e+03
8.947142857142856883e+03
8.751571428571429351e+03
8.808285714285713766e+03
8.958857142857143117e+03
8.899142857142856883e+03
8.862142857142856883e+03
8.814142857142856883e+03
8.972285714285713766e+03
9.032285714285713766e+03
8.841571428571429351e+03
8.875857142857143117e+03
9.058142857142856883e+03
8.842571428571429351e+03
8.788000000000000000e+03
8.844714285714286234e+03
8.948142857142856883e+03
8.939857142857143117e+03
8.843142857142856883e+03
8.862714285714286234e+03
8.885428571428570649e+03
8.928000000000000000e+03
8.856571428571429351e+03
8.860714285714286234e+03
9.129000000000000000e+03
9.054571428571429351e+03
8.902857142857143117e+03
8.871714285714286234e+03
9.125285714285713766e+03
8.976142857142856883e+03
8.839428571428570649e+03
9.054285714285713766e+03
9.096142857142856883e+03
8.904714285714286234e+03
8.851000000000000000e+03
8.953857142857143117e+03
9.217714285714286234e+03
9.064428571428570649e+03
8.891428571428570649e+03
8.885857142857143117e+03
9.131714285714286234e+03
8.930571428571429351e+03
8.953857142857143117e+03
8.987571428571429351e+03
9.108857142857143117e+03
9.143285714285713766e+03
9.100714285714286234e+03
8.895000000000000000e+03
9.113285714285713766e+03
9.200857142857143117e+03
9.120714285714286234e+03
8.893857142857143117e+03
9.218857142857143117e+03
9.114285714285713766e+03
8.981285714285713766e+03
8.997571428571429351e+03
9.110428571428570649e+03
9.155571428571429351e+03
9.084428571428570649e+03
9.028571428571429351e+03
9.233428571428570649e+03
9.155571428571429351e+03
9.128714285714286234e+03
9.103285714285713766e+03
9.258714285714286234e+03
9.264714285714286234e+03
9.134285714285713766e+03
9.110857142857143117e+03
9.310428571428570649e+03
9.228142857142856883e+03
9.103142857142856883e+03
9.096142857142856883e+03
9.295571428571429351e+03
9.301142857142856883e+03
9.150714285714286234e+03
9.164285714285713766e+03
9.256857142857143117e+03
9.225000000000000000e+03
9.151142857142856883e+03
9.194714285714286234e+03
9.304857142857143117e+03
9.244000000000000000e+03
9.120428571428570649e+03
9.178571428571429351e+03
9.288714285714286234e+03
9.291285714285713766e+03
9.181571428571429351e+03
9.168142857142856883e+03
9.298857142857143117e+03
9.362714285714286234e+03
9.207142857142856883e+03
9.252000000000000000e+03
9.386285714285713766e+03
9.306571428571429351e+03
9.203571428571429351e+03
9.213857142857143117e+03
9.334428571428570649e+03
9.325142857142856883e+03
9.256714285714286234e+03
9.235000000000000000e+03
9.366857142857143117e+03
9.294285714285713766e+03
9.261571428571429351e+03
9.241714285714286234e+03
9.438857142857143117e+03
9.455142857142856883e+03
9.258142857142856883e+03
9.263857142857143117e+03
9.434428571428570649e+03
9.427142857142856883e+03
9.380857142857143117e+03
9.371000000000000000e+03
9.450000000000000000e+03
9.418142857142856883e+03
9.284571428571429351e+03
9.279714285714286234e+03
9.462571428571429351e+03
9.477571428571429351e+03
9.332714285714286234e+03
9.371142857142856883e+03
9.577857142857143117e+03
9.459285714285713766e+03
9.431714285714286234e+03
9.281571428571429351e+03
9.456714285714286234e+03
9.365857142857143117e+03
9.322142857142856883e+03
9.322000000000000000e+03
9.497428571428570649e+03
9.442000000000000000e+03
9.344857142857143117e+03
9.372571428571429351e+03
9.486285714285713766e+03
9.476142857142856883e+03
9.373000000000000000e+03
9.361285714285713766e+03
9.549285714285713766e+03
9.634857142857143117e+03
9.397714285714286234e+03
9.423142857142856883e+03
9.546857142857143117e+03
9.444142857142856883e+03
9.431428571428570649e+03
9.385142857142856883e+03
9.673571428571429351e+03
9.518571428571429351e+03
9.472285714285713766e+03
9.453142857142856883e+03
9.589571428571429351e+03
9.592428571428570649e+03
9.482285714285713766e+03
9.436571428571429351e+03
9.628142857142856883e+03
9.504428571428570649e+03
9.449285714285713766e+03
9.456142857142856883e+03
9.595428571428570649e+03
9.599142857142856883e+03
9.514428571428570649e+03
9.490285714285713766e+03
9.612571428571429351e+03
9.598571428571429351e+03
9.593571428571429351e+03
9.456428571428570649e+03
9.582000000000000000e+03
9.563571428571429351e+03
9.489571428571429351e+03
9.522142857142856883e+03
9.606000000000000000e+03
9.599000000000000000e+03
9.498428571428570649e+03
9.473285714285713766e+03
9.641428571428570649e+03
9.659428571428570649e+03
9.592428571428570649e+03
9.561714285714286234e+03
9.609857142857143117e+03
9.641000000000000000e+03
9.575714285714286234e+03
9.547428571428570649e+03
9.695000000000000000e+03
9.616428571428570649e+03
9.615428571428570649e+03
9.563714285714286234e+03
9.702571428571429351e+03
9.724571428571429351e+03
9.572714285714286234e+03
9.624428571428570649e+03
9.723857142857143117e+03
9.715714285714286234e+03
9.533571428571429351e+03
9.613571428571429351e+03
9.716142857142856883e+03
9.644428571428570649e+03
9.546428571428570649e+03
9.640000000000000000e+03
9.733714285714286234e+03
9.839857142857143117e+03
9.724571428571429351e+03
9.558142857142856883e+03
9.770428571428570649e+03
9.725428571428570649e+03
9.637142857142856883e+03
9.639000000000000000e+03
9.758285714285713766e+03
9.775000000000000000e+03
9.616428571428570649e+03
9.682000000000000000e+03
9.832000000000000000e+03
9.834142857142856883e+03
9.624571428571429351e+03
9.584857142857143117e+03
9.695285714285713766e+03
9.711428571428570649e+03
9.688428571428570649e+03
9.670714285714286234e+03
9.827142857142856883e+03
9.778000000000000000e+03
9.690571428571429351e+03
9.648285714285713766e+03
9.805000000000000000e+03
9.804428571428570649e+03
9.681428571428570649e+03
9.587571428571429351e+03
9.721285714285713766e+03
9.811142857142856883e+03
9.746428571428570649e+03
9.669857142857143117e+03
9.803857142857143117e+03
9.784285714285713766e+03
9.677571428571429351e+03
9.757857142857143117e+03
9.854428571428570649e+03
9.772714285714286234e+03
9.743714285714286234e+03
9.702285714285713766e+03
9.842714285714286234e+03
9.791857142857143117e+03
9.812714285714286234e+03
9.741571428571429351e+03
9.843285714285713766e+03
9.842428571428570649e+03
9.805571428571429351e+03
9.698857142857143117e+03
9.850142857142856883e+03
9.796142857142856883e+03
9.736000000000000000e+03
9.698857142857143117e+03
9.863714285714286234e+03
9.862571428571429351e+03
9.680857142857143117e+03
9.700285714285713766e+03
9.816285714285713766e+03
9.856142857142856883e+03
9.832285714285713766e+03
9.774428571428570649e+03
9.855000000000000000e+03
9.855428571428570649e+03
9.868285714285713766e+03
9.823714285714286234e+03
9.877000000000000000e+03
9.876428571428570649e+03
9.875714285714286234e+03
9.811857142857143117e+03
9.934571428571429351e+03
9.824000000000000000e+03
9.833285714285713766e+03
9.769857142857143117e+03
9.941285714285713766e+03
9.902857142857143117e+03
9.880142857142856883e+03
9.843571428571429351e+03
9.846000000000000000e+03
9.840428571428570649e+03
9.896142857142856883e+03
9.857000000000000000e+03
9.883285714285713766e+03
9.967857142857143117e+03
9.857000000000000000e+03
9.857571428571429351e+03
9.968428571428570649e+03
9.954142857142856883e+03
9.845142857142856883e+03
9.792428571428570649e+03
9.906428571428570649e+03
9.987000000000000000e+03
9.881571428571429351e+03
9.945571428571429351e+03
9.972857142857143117e+03
9.998857142857143117e+03
9.823285714285713766e+03
9.870142857142856883e+03
1.001842857142857065e+04
1.001200000000000000e+04
9.916000000000000000e+03
9.900000000000000000e+03
1.001142857142857065e+04
9.947428571428570649e+03
9.906857142857143117e+03
9.940428571428570649e+03
1.006042857142857065e+04
1.001457142857142935e+04
9.881285714285713766e+03
9.931857142857143117e+03
9.927714285714286234e+03
1.001200000000000000e+04
9.905857142857143117e+03
9.901285714285713766e+03
1.011357142857142935e+04
9.972714285714286234e+03
9.897714285714286234e+03
9.866571428571429351e+03
1.007642857142857065e+04
1.001057142857142935e+04
9.963571428571429351e+03
9.887714285714286234e+03
1.017571428571428623e+04
1.009100000000000000e+04
9.952571428571429351e+03
1.005842857142857065e+04
1.020200000000000000e+04
1.005271428571428623e+04
9.974142857142856883e+03
9.946142857142856883e+03
1.011271428571428623e+04
1.012614285714285688e+04
1.012528571428571377e+04
1.000071428571428623e+04
1.015728571428571377e+04
1.001014285714285688e+04
9.951285714285713766e+03
9.901285714285713766e+03
1.016928571428571377e+04
1.002414285714285688e+04
9.976000000000000000e+03
1.003271428571428623e+04
1.009542857142857065e+04
1.020328571428571377e+04
1.002814285714285688e+04
1.004500000000000000e+04
1.016000000000000000e+04
1.018542857142857065e+04
1.002314285714285688e+04
1.007714285714285688e+04
1.014714285714285688e+04
1.021142857142857065e+04
1.009585714285714312e+04
1.008142857142857065e+04
1.028328571428571377e+04
1.023571428571428623e+04
1.007800000000000000e+04
9.997714285714286234e+03
1.011171428571428623e+04
1.014414285714285688e+04
1.012400000000000000e+04
1.018971428571428623e+04
1.024028571428571377e+04
1.025542857142857065e+04
1.016071428571428623e+04
1.020785714285714312e+04
1.036885714285714312e+04
1.029614285714285688e+04
1.012814285714285688e+04
1.017800000000000000e+04
1.029428571428571377e+04
1.016700000000000000e+04
1.010728571428571377e+04
1.014757142857142935e+04
1.036057142857142935e+04
1.030557142857142935e+04
1.024457142857142935e+04
1.013571428571428623e+04
1.036300000000000000e+04
1.034285714285714312e+04
1.019400000000000000e+04
1.018542857142857065e+04
1.032714285714285688e+04
1.024585714285714312e+04
1.022671428571428623e+04
1.019985714285714312e+04
1.040371428571428623e+04
1.031057142857142935e+04
1.018528571428571377e+04
1.028885714285714312e+04
1.039300000000000000e+04
1.039571428571428623e+04
1.028342857142857065e+04
1.021557142857142935e+04
1.036300000000000000e+04
1.044514285714285688e+04
1.038714285714285688e+04
1.031000000000000000e+04
1.049242857142857065e+04
1.039257142857142935e+04
1.031628571428571377e+04
1.030528571428571377e+04
1.050714285714285688e+04
1.044628571428571377e+04
1.032428571428571377e+04
1.034628571428571377e+04
1.058714285714285688e+04
1.039785714285714312e+04
1.035571428571428623e+04
1.031100000000000000e+04
1.047371428571428623e+04
1.047828571428571377e+04
1.039685714285714312e+04
1.045400000000000000e+04
1.055100000000000000e+04
1.048671428571428623e+04
1.046685714285714312e+04
1.038928571428571377e+04
1.066014285714285688e+04
1.061628571428571377e+04
1.044757142857142935e+04
1.043328571428571377e+04
1.058485714285714312e+04
1.052728571428571377e+04
1.049757142857142935e+04
1.040585714285714312e+04
1.052457142857142935e+04
1.055457142857142935e+04
1.056842857142857065e+04
1.055914285714285688e+04
1.069828571428571377e+04
1.069157142857142935e+04
1.058528571428571377e+04
1.049371428571428623e+04
1.070828571428571377e+04
1.066442857142857065e+04
1.054014285714285688e+04
1.052828571428571377e+04
1.076042857142857065e+04
1.064757142857142935e+04
1.055657142857142935e+04
1.055871428571428623e+04
1.067871428571428623e+04
1.073785714285714312e+04
1.059742857142857065e+04
1.052428571428571377e+04
1.069228571428571377e+04
1.072228571428571377e+04
1.060828571428571377e+04
1.053814285714285688e+04
1.090500000000000000e+04
1.077514285714285688e+04
1.069057142857142935e+04
1.059800000000000000e+04
1.081271428571428623e+04
1.069671428571428623e+04
1.066271428571428623e+04
1.068585714285714312e+04
1.085928571428571377e+04
1.086971428571428623e+04
1.076214285714285688e+04
1.066785714285714312e+04
1.111328571428571377e+04
1.087871428571428623e+04
1.082214285714285688e+04
1.078514285714285688e+04
1.089414285714285688e+04
1.082342857142857065e+04
1.076042857142857065e+04
1.074314285714285688e+04
1.098671428571428623e+04
1.079014285714285688e+04
1.071314285714285688e+04
1.069971428571428623e+04
1.094228571428571377e+04
1.103642857142857065e+04
1.079871428571428623e+04
1.076457142857142935e+04
1.111728571428571377e+04
1.098128571428571377e+04
1.089585714285714312e+04
1.084785714285714312e+04
1.108614285714285688e+04
1.100900000000000000e+04
1.091614285714285688e+04
1.076457142857142935e+04
1.103528571428571377e+04
1.096642857142857065e+04
1.082214285714285688e+04
1.099814285714285688e+04
1.118857142857142935e+04
1.105842857142857065e+04
1.112971428571428623e+04
1.111885714285714312e+04
1.120285714285714312e+04
1.113414285714285688e+04
1.108400000000000000e+04
1.100642857142857065e+04
1.125471428571428623e+04
1.113214285714285688e+04
1.099742857142857065e+04
1.106114285714285688e+04
1.121928571428571377e+04
1.122100000000000000e+04
1.110342857142857065e+04
1.114328571428571377e+04
1.137628571428571377e+04
1.120300000000000000e+04
1.123771428571428623e+04
1.118971428571428623e+04
1.135571428571428623e+04
1.134500000000000000e+04
1.123057142857142935e+04
1.121614285714285688e+04
1.143900000000000000e+04
1.128071428571428623e+04
1.123114285714285688e+04
1.122385714285714312e+04
1.142557142857142935e+04
1.144385714285714312e+04
1.135114285714285688e+04
1.135128571428571377e+04
1.176614285714285688e+04
1.143157142857142935e+04
1.139042857142857065e+04
1.138657142857142935e+04
1.145571428571428623e+04
1.146657142857142935e+04
1.133971428571428623e+04
1.139585714285714312e+04
1.145914285714285688e+04
1.158142857142857065e+04
1.141400000000000000e+04
1.143442857142857065e+04
1.158542857142857065e+04
1.160685714285714312e+04
1.157442857142857065e+04
1.145171428571428623e+04
1.161928571428571377e+04
1.163128571428571377e+04
1.156742857142857065e+04
1.154957142857142935e+04
1.181385714285714312e+04
1.173914285714285688e+04
1.167728571428571377e+04
1.156900000000000000e+04
1.176200000000000000e+04
1.173671428571428623e+04
1.168742857142857065e+04
1.162671428571428623e+04
1.180285714285714312e+04
1.176700000000000000e+04
1.171871428571428623e+04
1.173642857142857065e+04
1.184642857142857065e+04
1.182757142857142935e+04
1.171500000000000000e+04
1.171900000000000000e+04
1.186257142857142935e+04
1.181228571428571377e+04
1.178371428571428623e+04
1.176157142857142935e+04
1.193328571428571377e+04
1.183385714285714312e+04
1.178328571428571377e+04
1.183728571428571377e+04
1.198185714285714312e+04
1.209228571428571377e+04
1.186057142857142935e+04
1.185171428571428623e+04
1.204542857142857065e+04
1.203157142857142935e+04
1.191500000000000000e+04
1.193257142857142935e+04
1.215514285714285688e+04
1.223571428571428623e+04
1.198942857142857065e+04
1.208814285714285688e+04
1.231457142857142935e+04
1.209200000000000000e+04
1.210757142857142935e+04
1.203600000000000000e+04
1.236957142857142935e+04
1.227600000000000000e+04
1.224828571428571377e+04
1.208242857142857065e+04
1.237542857142857065e+04
1.232914285714285688e+04
1.224614285714285688e+04
1.240257142857142935e+04
1.243714285714285688e+04
1.251242857142857065e+04
1.235071428571428623e+04
1.245985714285714312e+04
1.254985714285714312e+04
1.254985714285714312e+04
1.243614285714285688e+04
1.244100000000000000e+04
1.259828571428571377e+04
1.266871428571428623e+04
1.253714285714285688e+04
1.264985714285714312e+04
1.280100000000000000e+04
1.276600000000000000e+04
1.267857142857142935e+04
1.288971428571428623e+04
1.312614285714285688e+04
1.307942857142857065e+04
1.291914285714285688e+04
1.296528571428571377e+04
1.328400000000000000e+04
1.309085714285714312e+04
1.305728571428571377e+04
1.310442857142857065e+04
1.329414285714285688e+04
1.343900000000000000e+04
1.315228571428571377e+04
1.312685714285714312e+04
1.341628571428571377e+04
1.344971428571428623e+04
1.319971428571428623e+04
1.330614285714285688e+04
1.343857142857142935e+04
1.358628571428571377e+04
1.333900000000000000e+04
1.339314285714285688e+04
1.363800000000000000e+04
1.369985714285714312e+04
1.358228571428571377e+04
1.379371428571428623e+04
1.383057142857142935e+04
1.389585714285714312e+04
1.369185714285714312e+04
1.377557142857142935e+04
1.391928571428571377e+04
1.392028571428571377e+04
1.379957142857142935e+04
1.376171428571428623e+04
1.393100000000000000e+04
1.392928571428571377e+04
1.390971428571428623e+04
1.390242857142857065e+04
1.412785714285714312e+04
1.414342857142857065e+04
1.410100000000000000e+04
1.412971428571428623e+04
1.448685714285714312e+04
1.449728571428571377e+04
1.438557142857142935e+04
1.447871428571428623e+04
1.460928571428571377e+04
1.460442857142857065e+04
1.462442857142857065e+04
1.459571428571428623e+04
1.495071428571428623e+04
1.474571428571428623e+04
1.483128571428571377e+04
1.483871428571428623e+04
1.515685714285714312e+04
1.522714285714285688e+04
1.513328571428571377e+04
1.521557142857142935e+04
1.534585714285714312e+04
1.537071428571428623e+04
1.525042857142857065e+04
1.537600000000000000e+04
1.563800000000000000e+04
1.564214285714285688e+04
1.550100000000000000e+04
1.551428571428571377e+04
1.572100000000000000e+04
1.570157142857142935e+04
1.572614285714285688e+04
1.576657142857142935e+04
1.598071428571428623e+04
1.600871428571428623e+04
1.598500000000000000e+04
1.602957142857142935e+04
1.626257142857142935e+04
1.629414285714285688e+04
1.612714285714285688e+04
1.624128571428571377e+04
1.650214285714285870e+04
1.670257142857142753e+04
1.644957142857142753e+04
1.660457142857142753e+04
1.685342857142857247e+04
1.699857142857142753e+04
1.672042857142857247e+04
1.685228571428571377e+04
1.716571428571428623e+04
1.715585714285714130e+04
1.707985714285714130e+04
1.710871428571428623e+04
1.729657142857142753e+04
1.756385714285714130e+04
1.746871428571428623e+04
1.760142857142857247e+04
1.775257142857142753e+04
1.782000000000000000e+04
1.769357142857142753e+04
1.784514285714285870e+04
1.796600000000000000e+04
1.803728571428571377e+04
1.795628571428571377e+04
1.807185714285714130e+04
1.822900000000000000e+04
1.853471428571428623e+04
1.827785714285714130e+04
1.923242857142857247e+04
1.855428571428571377e+04
1.867100000000000000e+04
1.874857142857142753e+04
1.874114285714285870e+04
1.888271428571428623e+04
1.928814285714285870e+04
1.902900000000000000e+04
1.931771428571428623e+04
1.954014285714285870e+04
1.965728571428571377e+04
1.961357142857142753e+04
1.961728571428571377e+04
1.990800000000000000e+04
1.982271428571428623e+04
1.994857142857142753e+04
1.996442857142857247e+04
2.021300000000000000e+04
2.039171428571428623e+04
2.029628571428571377e+04
2.025600000000000000e+04
2.046228571428571377e+04
2.064028571428571377e+04
2.057671428571428623e+04
2.060328571428571377e+04
2.101557142857142753e+04
2.110171428571428623e+04
2.091814285714285870e+04
2.114214285714285870e+04
2.133214285714285870e+04
2.145985714285714130e+04
2.128457142857142753e+04
2.150857142857142753e+04
2.168700000000000000e+04
2.190557142857142753e+04
2.180871428571428623e+04
2.180471428571428623e+04
2.203642857142857247e+04
2.211757142857142753e+04
2.202528571428571377e+04
2.219857142857142753e+04
2.248400000000000000e+04
2.270028571428571377e+04
2.254442857142857247e+04
2.266357142857142753e+04
2.296542857142857247e+04
2.302885714285714130e+04
2.291628571428571377e+04
2.310828571428571377e+04
2.323414285714285870e+04
2.336928571428571377e+04
2.330557142857142753e+04
2.337371428571428623e+04
2.369014285714285870e+04
2.376557142857142753e+04
2.383957142857142753e+04
2.368914285714285870e+04
2.397842857142857247e+04
2.399871428571428623e+04
2.381614285714285870e+04
2.397128571428571377e+04
2.424157142857142753e+04
2.438985714285714130e+04
2.440000000000000000e+04
2.443771428571428623e+04
2.473228571428571377e+04
2.482557142857142753e+04
2.468357142857142753e+04
2.464728571428571377e+04
2.502042857142857247e+04
2.524257142857142753e+04
2.516057142857142753e+04
2.509071428571428623e+04
2.529614285714285870e+04
2.536300000000000000e+04
2.542271428571428623e+04
2.542871428571428623e+04
2.569442857142857247e+04
2.573271428571428623e+04
2.567157142857142753e+04
2.579042857142857247e+04
2.600314285714285870e+04
2.611971428571428623e+04
2.619885714285714130e+04
2.612928571428571377e+04
2.630028571428571377e+04
2.638814285714285870e+04
2.615771428571428623e+04
2.644428571428571377e+04
2.667728571428571377e+04
2.654171428571428623e+04
2.649714285714285870e+04
2.650828571428571377e+04
2.674714285714285870e+04
2.680357142857142753e+04
2.686657142857142753e+04
2.689957142857142753e+04
2.715571428571428623e+04
2.717385714285714130e+04
2.706671428571428623e+04
2.710628571428571377e+04
2.730100000000000000e+04
2.731228571428571377e+04
2.739142857142857247e+04
2.745157142857142753e+04
2.753942857142857247e+04
2.757342857142857247e+04
2.745628571428571377e+04
2.761714285714285870e+04
2.771642857142857247e+04
2.775257142857142753e+04
2.763414285714285870e+04
2.763571428571428623e+04
2.792528571428571377e+04
2.784128571428571377e+04
2.776885714285714130e+04
2.793357142857142753e+04
2.794300000000000000e+04
2.813157142857142753e+04
2.794014285714285870e+04
2.806357142857142753e+04
2.790242857142857247e+04
2.810242857142857247e+04
2.792214285714285870e+04
2.800657142857142753e+04
2.818942857142857247e+04
2.812400000000000000e+04
2.812285714285714130e+04
2.809257142857142753e+04
2.829742857142857247e+04
2.819257142857142753e+04
2.824985714285714130e+04
2.805628571428571377e+04
2.839371428571428623e+04
2.820957142857142753e+04
2.814600000000000000e+04
2.803100000000000000e+04
2.822485714285714130e+04
2.813428571428571377e+04
2.820242857142857247e+04
2.811500000000000000e+04
2.822000000000000000e+04
2.810457142857142753e+04
2.816685714285714130e+04
2.805385714285714130e+04
2.826771428571428623e+04
2.807085714285714130e+04
2.807557142857142753e+04
2.803685714285714130e+04
2.818457142857142753e+04
2.802800000000000000e+04
2.815285714285714130e+04
2.785071428571428623e+04
2.818528571428571377e+04
2.792785714285714130e+04
2.817614285714285870e+04
2.784100000000000000e+04
2.813700000000000000e+04
2.796100000000000000e+04
2.787000000000000000e+04
2.796328571428571377e+04
2.792600000000000000e+04
2.776228571428571377e+04
2.776842857142857247e+04
2.783528571428571377e+04
2.781585714285714130e+04
2.802628571428571377e+04
2.775871428571428623e+04
2.757085714285714130e+04
2.783500000000000000e+04
2.773985714285714130e+04
2.769257142857142753e+04
2.759057142857142753e+04
2.758900000000000000e+04
2.757228571428571377e+04
2.746200000000000000e+04
2.748114285714285870e+04
2.746828571428571377e+04
2.740385714285714130e+04
2.712671428571428623e+04
2.724285714285714130e+04
2.728357142857142753e+04
2.723857142857142753e+04
2.704700000000000000e+04
2.713171428571428623e+04
2.705142857142857247e+04
2.725928571428571377e+04
2.686257142857142753e+04
2.679042857142857247e+04
2.694614285714285870e+04
2.673571428571428623e+04
2.682185714285714130e+04
2.645314285714285870e+04
2.676871428571428623e+04
2.637028571428571377e+04
2.636228571428571377e+04
2.635000000000000000e+04
2.642585714285714130e+04
2.646300000000000000e+04
2.620271428571428623e+04
2.612400000000000000e+04
2.616157142857142753e+04
2.618457142857142753e+04
2.600800000000000000e+04
2.598300000000000000e+04
2.610600000000000000e+04
2.580742857142857247e+04
2.584028571428571377e+04
2.579014285714285870e+04
2.585328571428571377e+04
2.584542857142857247e+04
2.562857142857142753e+04
2.543842857142857247e+04
2.566157142857142753e+04
2.531428571428571377e+04
2.500814285714285870e+04
2.473614285714285870e+04
2.493185714285714130e+04
2.478400000000000000e+04
2.492700000000000000e+04
2.495200000000000000e+04
2.514628571428571377e+04
2.500757142857142753e+04
2.465900000000000000e+04
2.448457142857142753e+04
2.473257142857142753e+04
2.464857142857142753e+04
2.460728571428571377e+04
2.442514285714285870e+04
2.460728571428571377e+04
2.450142857142857247e+04
2.417957142857142753e+04
2.414485714285714130e+04
2.419342857142857247e+04
2.409985714285714130e+04
2.391185714285714130e+04
2.385128571428571377e+04
2.393457142857142753e+04
2.373957142857142753e+04
2.381014285714285870e+04
2.370985714285714130e+04
2.378271428571428623e+04
2.382485714285714130e+04
2.357900000000000000e+04
2.335014285714285870e+04
2.364214285714285870e+04
2.362357142857142753e+04
2.340100000000000000e+04
2.334971428571428623e+04
2.329428571428571377e+04
2.329228571428571377e+04
2.298714285714285870e+04
2.304371428571428623e+04
2.301028571428571377e+04
2.297628571428571377e+04
2.286528571428571377e+04
2.269642857142857247e+04
2.300000000000000000e+04
2.278900000000000000e+04
2.241785714285714130e+04
2.241214285714285870e+04
2.253542857142857247e+04
2.243200000000000000e+04
2.225957142857142753e+04
2.241942857142857247e+04
2.244528571428571377e+04
2.225685714285714130e+04
2.217057142857142753e+04
2.198014285714285870e+04
2.236042857142857247e+04
2.204300000000000000e+04
2.209085714285714130e+04
2.186785714285714130e+04
2.210642857142857247e+04
2.180885714285714130e+04
2.180242857142857247e+04
2.177514285714285870e+04
2.184528571428571377e+04
2.196185714285714130e+04
2.153885714285714130e+04
2.166028571428571377e+04
2.162514285714285870e+04
2.169871428571428623e+04
2.144485714285714130e+04
2.142600000000000000e+04
2.158957142857142753e+04
2.136842857142857247e+04
2.119771428571428623e+04
2.113900000000000000e+04
2.132628571428571377e+04
2.132514285714285870e+04
2.119900000000000000e+04
2.111371428571428623e+04
2.132914285714285870e+04
2.108728571428571377e+04
2.098600000000000000e+04
2.077214285714285870e+04
2.100500000000000000e+04
2.094842857142857247e+04
2.072328571428571377e+04
2.065400000000000000e+04
2.083014285714285870e+04
2.082428571428571377e+04
2.054300000000000000e+04
2.042242857142857247e+04
2.068414285714285870e+04
2.052500000000000000e+04
2.051714285714285870e+04
2.032685714285714130e+04
2.033385714285714130e+04
2.031185714285714130e+04
2.008185714285714130e+04
2.002600000000000000e+04
2.015314285714285870e+04
2.043114285714285870e+04
2.010028571428571377e+04
2.009385714285714130e+04
2.001342857142857247e+04
2.006957142857142753e+04
1.987657142857142753e+04
1.984485714285714130e+04
1.995671428571428623e+04
1.990928571428571377e+04
1.974514285714285870e+04
1.970571428571428623e+04
1.969757142857142753e+04
1.984328571428571377e+04
1.958785714285714130e+04
1.959028571428571377e+04
1.933000000000000000e+04
1.932914285714285870e+04
1.890514285714285870e+04
1.879471428571428623e+04
1.892057142857142753e+04
1.899285714285714130e+04
1.893571428571428623e+04
1.921928571428571377e+04
1.940985714285714130e+04
1.943600000000000000e+04
1.930028571428571377e+04
1.925428571428571377e+04
1.931485714285714130e+04
1.953285714285714130e+04
1.907614285714285870e+04
1.895400000000000000e+04
1.910600000000000000e+04
1.898857142857142753e+04
1.901942857142857247e+04
1.896028571428571377e+04
1.904100000000000000e+04
1.893028571428571377e+04
1.872428571428571377e+04
1.856957142857142753e+04
1.886985714285714130e+04
1.868400000000000000e+04
1.866385714285714130e+04
1.860442857142857247e+04
1.874742857142857247e+04
1.850685714285714130e+04
1.839014285714285870e+04
1.859314285714285870e+04
1.841285714285714130e+04
1.825571428571428623e+04
1.823942857142857247e+04
1.806585714285714130e+04
1.838128571428571377e+04
1.828900000000000000e+04
1.804842857142857247e+04
1.810857142857142753e+04
1.819514285714285870e+04
1.819500000000000000e+04
1.794657142857142753e+04
1.796500000000000000e+04
1.814971428571428623e+04
1.798928571428571377e+04
1.784685714285714130e+04
1.768757142857142753e+04
1.786442857142857247e+04
1.781971428571428623e+04
1.783657142857142753e+04
1.759657142857142753e+04
1.771614285714285870e+04
1.759628571428571377e+04
1.760514285714285870e+04
1.759257142857142753e+04
1.777585714285714130e+04
1.775028571428571377e+04
1.754400000000000000e+04
1.744971428571428623e+04
1.742214285714285870e+04
1.745885714285714130e+04
1.725342857142857247e+04
1.716785714285714130e+04
1.724342857142857247e+04
1.688928571428571377e+04
1.693114285714285870e+04
1.698685714285714130e+04
1.714814285714285870e+04
1.717300000000000000e+04
1.696257142857142753e+04
1.693885714285714130e+04
1.714885714285714130e+04
1.717371428571428623e+04
1.674771428571428623e+04
1.676357142857142753e+04
1.689114285714285870e+04
1.670085714285714130e+04
1.655500000000000000e+04
1.653842857142857247e+04
1.646842857142857247e+04
1.676857142857142753e+04
1.637885714285714312e+04
1.639985714285714130e+04
1.646471428571428623e+04
1.638785714285714130e+04
1.630471428571428623e+04
1.626000000000000000e+04
1.648757142857142753e+04
1.631600000000000000e+04
1.619071428571428623e+04
1.611171428571428623e+04
1.611871428571428623e+04
1.622585714285714312e+04
1.608757142857142935e+04
1.590842857142857065e+04
1.608671428571428623e+04
1.595757142857142935e+04
1.582542857142857065e+04
1.574671428571428623e+04
1.584971428571428623e+04
1.588871428571428623e+04
1.565785714285714312e+04
1.567785714285714312e+04
1.585800000000000000e+04
1.568971428571428623e+04
1.569057142857142935e+04
1.556757142857142935e+04
1.567314285714285688e+04
1.561285714285714312e+04
1.543057142857142935e+04
1.535300000000000000e+04
1.554728571428571377e+04
1.568300000000000000e+04
1.540885714285714312e+04
1.528671428571428623e+04
1.545371428571428623e+04
1.526900000000000000e+04
1.519214285714285688e+04
1.502657142857142935e+04
1.527542857142857065e+04
1.519557142857142935e+04
1.509214285714285688e+04
1.483285714285714312e+04
1.490657142857142935e+04
1.489614285714285688e+04
1.481885714285714312e+04
1.468228571428571377e+04
1.480685714285714312e+04
1.477842857142857065e+04
1.455657142857142935e+04
1.456985714285714312e+04
1.484314285714285688e+04
1.461800000000000000e+04
1.441514285714285688e+04
1.439857142857142935e+04
1.459628571428571377e+04
1.444742857142857065e+04
1.447971428571428623e+04
1.430000000000000000e+04
1.446814285714285688e+04
1.429114285714285688e+04
1.417242857142857065e+04
1.408100000000000000e+04
1.420257142857142935e+04
1.418071428571428623e+04
1.397971428571428623e+04
1.396814285714285688e+04
1.415657142857142935e+04
1.405328571428571377e+04
1.395571428571428623e+04
1.388014285714285688e+04
1.392200000000000000e+04
1.385785714285714312e+04
1.370485714285714312e+04
1.365942857142857065e+04
1.380542857142857065e+04
1.373914285714285688e+04
1.368757142857142935e+04
1.365014285714285688e+04
1.380928571428571377e+04
1.368742857142857065e+04
1.360814285714285688e+04
1.355100000000000000e+04
1.366342857142857065e+04
1.356185714285714312e+04
1.337900000000000000e+04
1.331300000000000000e+04
1.349028571428571377e+04
1.346557142857142935e+04
1.329014285714285688e+04
1.330871428571428623e+04
1.332928571428571377e+04
1.324128571428571377e+04
1.315742857142857065e+04
1.307357142857142935e+04
1.334700000000000000e+04
1.316085714285714312e+04
1.310571428571428623e+04
1.305457142857142935e+04
1.316385714285714312e+04
1.302942857142857065e+04
1.274785714285714312e+04
1.286585714285714312e+04
1.306928571428571377e+04
1.285714285714285688e+04
1.276714285714285688e+04
1.261714285714285688e+04
1.292257142857142935e+04
1.278642857142857065e+04
1.251900000000000000e+04
1.249614285714285688e+04
1.253814285714285688e+04
1.247342857142857065e+04
1.238371428571428623e+04
1.237185714285714312e+04
1.259871428571428623e+04
1.237885714285714312e+04
1.222900000000000000e+04
1.219928571428571377e+04
1.226228571428571377e+04
1.222900000000000000e+04
1.211328571428571377e+04
1.210271428571428623e+04
1.213757142857142935e+04
1.207228571428571377e+04
1.205785714285714312e+04
1.190471428571428623e+04
1.205942857142857065e+04
1.190600000000000000e+04
1.188542857142857065e+04
1.180928571428571377e+04
1.204471428571428623e+04
1.195542857142857065e+04
1.185257142857142935e+04
1.181528571428571377e+04
1.189685714285714312e+04
1.180742857142857065e+04
1.167357142857142935e+04
1.164814285714285688e+04
1.170200000000000000e+04
1.175400000000000000e+04
1.169200000000000000e+04
1.156514285714285688e+04
1.175085714285714312e+04
1.160985714285714312e+04
1.154900000000000000e+04
1.145271428571428623e+04
1.165285714285714312e+04
1.155528571428571377e+04
1.146928571428571377e+04
1.134128571428571377e+04
1.152857142857142935e+04
1.146700000000000000e+04
1.130700000000000000e+04
1.130985714285714312e+04
1.141385714285714312e+04
1.140642857142857065e+04
1.115171428571428623e+04
1.107457142857142935e+04
1.118857142857142935e+04
1.115357142857142935e+04
1.106771428571428623e+04
1.091071428571428623e+04
1.119828571428571377e+04
1.108457142857142935e+04
1.097128571428571377e+04
1.088928571428571377e+04
1.116285714285714312e+04
1.102400000000000000e+04
1.087657142857142935e+04
1.083028571428571377e+04
1.111642857142857065e+04
1.091200000000000000e+04
1.071700000000000000e+04
1.074457142857142935e+04
1.093828571428571377e+04
1.072157142857142935e+04
1.055185714285714312e+04
1.058328571428571377e+04
1.058114285714285688e+04
1.057314285714285688e+04
1.052414285714285688e+04
1.049800000000000000e+04
1.060128571428571377e+04
1.059385714285714312e+04
1.047257142857142935e+04
1.040542857142857065e+04
1.066942857142857065e+04
1.048957142857142935e+04
1.043757142857142935e+04
1.036485714285714312e+04
1.046528571428571377e+04
1.045214285714285688e+04
1.029714285714285688e+04
1.027171428571428623e+04
1.034571428571428623e+04
1.028128571428571377e+04
1.026314285714285688e+04
1.016842857142857065e+04
1.023385714285714312e+04
1.027157142857142935e+04
1.007128571428571377e+04
1.003628571428571377e+04
1.022471428571428623e+04
1.011371428571428623e+04
9.983000000000000000e+03
1.002014285714285688e+04
1.005828571428571377e+04
9.994571428571429351e+03
9.962428571428570649e+03
1.000128571428571377e+04
1.018871428571428623e+04
1.003542857142857065e+04
9.900714285714286234e+03
9.855428571428570649e+03
9.960857142857143117e+03
9.904571428571429351e+03
9.885428571428570649e+03
9.890142857142856883e+03
9.926571428571429351e+03
9.918428571428570649e+03
9.860285714285713766e+03
9.815142857142856883e+03
9.909714285714286234e+03
9.860571428571429351e+03
9.771857142857143117e+03
9.756571428571429351e+03
9.827000000000000000e+03
9.855000000000000000e+03
9.673285714285713766e+03
9.790571428571429351e+03
9.848857142857143117e+03
9.845857142857143117e+03
9.619428571428570649e+03
9.619142857142856883e+03
9.663714285714286234e+03
9.694714285714286234e+03
9.674285714285713766e+03
9.675857142857143117e+03
9.773714285714286234e+03
9.559714285714286234e+03
9.496285714285713766e+03
9.504714285714286234e+03
9.631428571428570649e+03
9.625571428571429351e+03
9.455857142857143117e+03
9.462000000000000000e+03
9.569428571428570649e+03
9.509857142857143117e+03
9.421714285714286234e+03
9.405714285714286234e+03
9.605000000000000000e+03
9.497571428571429351e+03
9.399428571428570649e+03
9.312857142857143117e+03
9.491142857142856883e+03
9.559142857142856883e+03
9.367571428571429351e+03
9.279142857142856883e+03
9.470571428571429351e+03
9.367428571428570649e+03
9.335000000000000000e+03
9.230000000000000000e+03
9.378714285714286234e+03
9.364714285714286234e+03
9.289428571428570649e+03
9.322714285714286234e+03
9.432571428571429351e+03
9.351285714285713766e+03
9.184000000000000000e+03
9.157428571428570649e+03
9.269857142857143117e+03
9.299428571428570649e+03
9.082000000000000000e+03
9.090571428571429351e+03
9.224000000000000000e+03
9.228714285714286234e+03
9.030714285714286234e+03
9.049571428571429351e+03
9.288285714285713766e+03
9.189285714285713766e+03
8.955571428571429351e+03
8.930428571428570649e+03
9.048142857142856883e+03
9.182142857142856883e+03
8.933142857142856883e+03
8.916857142857143117e+03
9.099857142857143117e+03
9.142857142857143117e+03
8.961714285714286234e+03
8.896000000000000000e+03
9.017428571428570649e+03
9.094142857142856883e+03
8.795714285714286234e+03
8.820285714285713766e+03
9.024142857142856883e+03
8.929428571428570649e+03
8.775857142857143117e+03
8.753142857142856883e+03
8.866285714285713766e+03
8.980857142857143117e+03
8.766142857142856883e+03
8.729142857142856883e+03
8.853571428571429351e+03
8.888142857142856883e+03
8.727428571428570649e+03
8.753714285714286234e+03
8.758714285714286234e+03
8.760285714285713766e+03
8.719571428571429351e+03
8.681857142857143117e+03
8.779428571428570649e+03
8.705714285714286234e+03
8.611428571428570649e+03
8.663285714285713766e+03
8.725714285714286234e+03
8.738285714285713766e+03
8.574285714285713766e+03
8.614571428571429351e+03
8.726428571428570649e+03
8.673428571428570649e+03
8.574285714285713766e+03
8.577428571428570649e+03
8.732000000000000000e+03
8.586000000000000000e+03
8.557714285714286234e+03
8.507000000000000000e+03
8.659571428571429351e+03
8.614428571428570649e+03
8.589857142857143117e+03
8.419142857142856883e+03
8.549857142857143117e+03
8.477428571428570649e+03
8.524714285714286234e+03
8.489285714285713766e+03
8.513142857142856883e+03
8.505857142857143117e+03
8.350142857142856883e+03
8.388285714285713766e+03
8.473000000000000000e+03
8.478857142857143117e+03
8.331571428571429351e+03
8.334857142857143117e+03
8.480142857142856883e+03
8.442142857142856883e+03
8.308142857142856883e+03
8.349000000000000000e+03
8.400714285714286234e+03
8.365000000000000000e+03
8.292000000000000000e+03
8.303571428571429351e+03
8.407571428571429351e+03
8.360285714285713766e+03
8.194571428571429351e+03
8.231857142857143117e+03
8.355000000000000000e+03
8.306000000000000000e+03
8.218714285714286234e+03
8.167571428571428442e+03
8.239571428571429351e+03
8.166142857142856883e+03
8.160285714285714675e+03
8.157714285714285325e+03
8.322428571428570649e+03
8.153857142857143117e+03
8.141285714285714675e+03
8.151857142857143117e+03
8.233000000000000000e+03
8.224714285714286234e+03
8.152714285714285325e+03
8.112428571428571558e+03
8.165428571428571558e+03
8.165428571428571558e+03
8.089142857142856883e+03
8.115428571428571558e+03
8.162142857142856883e+03
8.175285714285714675e+03
8.098142857142856883e+03
8.098428571428571558e+03
8.429285714285713766e+03
8.120857142857143117e+03
8.077714285714285325e+03
8.031857142857143117e+03
8.119857142857143117e+03
8.114142857142856883e+03
8.060428571428571558e+03
7.979428571428571558e+03
8.107000000000000000e+03
8.088285714285714675e+03
7.974000000000000000e+03
7.988000000000000000e+03
8.111142857142856883e+03
8.101000000000000000e+03
8.009142857142856883e+03
7.956714285714285325e+03
8.056000000000000000e+03
8.074428571428571558e+03
7.962428571428571558e+03
7.954285714285714675e+03
8.089571428571428442e+03
8.064571428571428442e+03
7.909571428571428442e+03
7.964142857142856883e+03
8.041142857142856883e+03
8.081285714285714675e+03
7.917000000000000000e+03
7.945000000000000000e+03
8.019285714285714675e+03
8.065571428571428442e+03
7.930142857142856883e+03
7.929571428571428442e+03
8.048714285714285325e+03
8.023714285714285325e+03
7.905000000000000000e+03
7.874571428571428442e+03
8.065857142857143117e+03
8.019571428571428442e+03
7.876714285714285325e+03
7.880571428571428442e+03
8.003142857142856883e+03
8.007000000000000000e+03
7.880714285714285325e+03
7.899000000000000000e+03
8.018285714285714675e+03
8.044285714285714675e+03
7.944714285714285325e+03
7.853142857142856883e+03
7.996285714285714675e+03
8.050714285714285325e+03
7.868857142857143117e+03
7.874571428571428442e+03
7.936142857142856883e+03
8.017857142857143117e+03
7.915428571428571558e+03
7.869000000000000000e+03
7.949000000000000000e+03
8.003285714285714675e+03
7.892714285714285325e+03
7.861285714285714675e+03
7.959428571428571558e+03
7.960714285714285325e+03
7.870571428571428442e+03
7.846714285714285325e+03
7.954142857142856883e+03
7.967285714285714675e+03
7.888714285714285325e+03
7.847714285714285325e+03
8.009714285714285325e+03
7.974428571428571558e+03
7.856571428571428442e+03
7.833714285714285325e+03
7.947142857142856883e+03
7.902714285714285325e+03
7.851285714285714675e+03
7.812857142857143117e+03
8.001857142857143117e+03
7.970571428571428442e+03
7.886000000000000000e+03
7.830000000000000000e+03
7.951571428571428442e+03
7.913571428571428442e+03
7.847714285714285325e+03
7.881571428571428442e+03
7.944285714285714675e+03
7.927428571428571558e+03
7.852571428571428442e+03
7.864142857142856883e+03
8.001857142857143117e+03
8.003000000000000000e+03
7.824714285714285325e+03
7.863285714285714675e+03
7.955714285714285325e+03
7.907000000000000000e+03
7.824142857142856883e+03
7.816142857142856883e+03
7.978142857142856883e+03
7.948857142857143117e+03
7.838571428571428442e+03
7.856428571428571558e+03
7.989142857142856883e+03
7.972428571428571558e+03
7.817000000000000000e+03
7.839285714285714675e+03
7.956857142857143117e+03
7.938428571428571558e+03
7.856285714285714675e+03
7.811571428571428442e+03
7.982714285714285325e+03
8.040142857142856883e+03
7.836857142857143117e+03
7.845285714285714675e+03
7.991428571428571558e+03
8.015428571428571558e+03
7.872285714285714675e+03
7.831714285714285325e+03
7.984000000000000000e+03
7.944000000000000000e+03
7.829857142857143117e+03
7.829428571428571558e+03
7.996285714285714675e+03
7.973857142857143117e+03
7.859142857142856883e+03
7.815142857142856883e+03
7.939857142857143117e+03
7.994142857142856883e+03
7.819857142857143117e+03
7.806285714285714675e+03
7.978000000000000000e+03
7.918714285714285325e+03
7.816857142857143117e+03
7.832714285714285325e+03
8.052714285714285325e+03
8.044285714285714675e+03
7.847571428571428442e+03
7.839428571428571558e+03
7.980714285714285325e+03
7.976571428571428442e+03
7.823428571428571558e+03
7.836571428571428442e+03
7.891571428571428442e+03
7.894571428571428442e+03
7.846000000000000000e+03
7.825714285714285325e+03
7.963714285714285325e+03
7.958571428571428442e+03
7.790142857142856883e+03
7.824000000000000000e+03
7.933857142857143117e+03
7.928571428571428442e+03
7.837571428571428442e+03
7.822142857142856883e+03
8.003142857142856883e+03
7.915285714285714675e+03
7.824714285714285325e+03
7.800428571428571558e+03
7.945571428571428442e+03
7.906857142857143117e+03
7.808714285714285325e+03
7.861714285714285325e+03
7.947285714285714675e+03
7.943857142857143117e+03
7.804285714285714675e+03
7.814714285714285325e+03
7.885285714285714675e+03
7.958857142857143117e+03
7.822142857142856883e+03
7.799428571428571558e+03
8.003285714285714675e+03
7.930571428571428442e+03
7.803428571428571558e+03
7.878428571428571558e+03
7.939857142857143117e+03
7.979571428571428442e+03
7.801000000000000000e+03
7.804285714285714675e+03
7.952571428571428442e+03
7.985000000000000000e+03
7.772428571428571558e+03
7.811285714285714675e+03
7.960714285714285325e+03
7.931428571428571558e+03
7.814428571428571558e+03
7.775285714285714675e+03
7.913142857142856883e+03
7.921857142857143117e+03
7.807000000000000000e+03
7.807571428571428442e+03
7.860000000000000000e+03
7.938571428571428442e+03
7.845142857142856883e+03
7.806571428571428442e+03
7.964142857142856883e+03
7.860714285714285325e+03
7.791714285714285325e+03
7.795857142857143117e+03
7.920285714285714675e+03
7.915714285714285325e+03
7.792857142857143117e+03
7.832571428571428442e+03
7.981285714285714675e+03
7.936571428571428442e+03
7.840714285714285325e+03
7.808428571428571558e+03
7.944285714285714675e+03
7.877714285714285325e+03
7.780714285714285325e+03
7.849000000000000000e+03
7.890714285714285325e+03
7.898714285714285325e+03
7.777285714285714675e+03
7.834714285714285325e+03
7.939285714285714675e+03
7.933428571428571558e+03
7.808571428571428442e+03
7.831857142857143117e+03
7.956714285714285325e+03
7.902857142857143117e+03
7.851571428571428442e+03
7.813571428571428442e+03
8.008142857142856883e+03
7.874857142857143117e+03
7.828857142857143117e+03
7.834285714285714675e+03
7.956714285714285325e+03
7.991714285714285325e+03
7.837000000000000000e+03
7.786428571428571558e+03
7.892857142857143117e+03
7.905571428571428442e+03
7.793857142857143117e+03
7.803857142857143117e+03
7.884714285714285325e+03
7.879000000000000000e+03
7.781857142857143117e+03
7.815571428571428442e+03
7.868857142857143117e+03
7.870714285714285325e+03
7.793000000000000000e+03
7.812000000000000000e+03
7.893285714285714675e+03
7.913857142857143117e+03
7.786000000000000000e+03
7.792000000000000000e+03
7.841428571428571558e+03
7.892142857142856883e+03
7.847285714285714675e+03
7.801857142857143117e+03
7.905142857142856883e+03
7.967428571428571558e+03
7.798571428571428442e+03
7.811000000000000000e+03
7.966571428571428442e+03
7.958428571428571558e+03
7.801000000000000000e+03
7.804142857142856883e+03
7.929714285714285325e+03
7.919285714285714675e+03
7.813285714285714675e+03
7.789857142857143117e+03
7.925000000000000000e+03
7.945142857142856883e+03
7.784000000000000000e+03
7.797285714285714675e+03
7.939142857142856883e+03
7.970714285714285325e+03
7.818857142857143117e+03
7.810571428571428442e+03
8.004142857142856883e+03
7.905714285714285325e+03
7.839714285714285325e+03
7.814714285714285325e+03
7.900142857142856883e+03
7.940285714285714675e+03
7.785571428571428442e+03
7.767571428571428442e+03
7.924571428571428442e+03
7.902857142857143117e+03
7.781000000000000000e+03
7.806285714285714675e+03
7.951714285714285325e+03
7.915571428571428442e+03
7.813142857142856883e+03
7.788000000000000000e+03
7.921285714285714675e+03
7.962714285714285325e+03
7.802571428571428442e+03
7.840714285714285325e+03
7.916714285714285325e+03
7.950571428571428442e+03
7.780571428571428442e+03
7.798285714285714675e+03
7.916285714285714675e+03
7.934714285714285325e+03
7.823142857142856883e+03
7.761142857142856883e+03
7.955142857142856883e+03
7.962000000000000000e+03
7.790285714285714675e+03
7.823714285714285325e+03
7.925571428571428442e+03
7.956428571428571558e+03
7.747142857142856883e+03
7.817714285714285325e+03
7.893428571428571558e+03
7.918142857142856883e+03
7.784285714285714675e+03
7.793285714285714675e+03
7.998142857142856883e+03
7.957714285714285325e+03
7.801714285714285325e+03
7.788000000000000000e+03
7.954428571428571558e+03
7.890000000000000000e+03
7.798142857142856883e+03
7.789571428571428442e+03
7.930857142857143117e+03
7.940142857142856883e+03
7.787142857142856883e+03
7.830000000000000000e+03
7.940000000000000000e+03
7.927000000000000000e+03
7.836000000000000000e+03
7.865857142857143117e+03
7.946857142857143117e+03
7.975285714285714675e+03
7.800714285714285325e+03
7.762857142857143117e+03
7.913714285714285325e+03
7.908285714285714675e+03
7.788857142857143117e+03
7.797142857142856883e+03
7.955857142857143117e+03
7.931000000000000000e+03
7.779428571428571558e+03
7.822857142857143117e+03
7.861000000000000000e+03
7.933571428571428442e+03
7.785571428571428442e+03
7.797428571428571558e+03
7.963000000000000000e+03
7.916714285714285325e+03
7.861428571428571558e+03
7.796000000000000000e+03
7.942428571428571558e+03
7.932857142857143117e+03
7.780428571428571558e+03
7.783571428571428442e+03
7.937857142857143117e+03
7.923857142857143117e+03
7.785142857142856883e+03
7.798714285714285325e+03
7.845857142857143117e+03
7.956285714285714675e+03
7.843857142857143117e+03
8.317571428571429351e+03
7.945857142857143117e+03
7.883571428571428442e+03
7.796000000000000000e+03
7.802571428571428442e+03
7.955000000000000000e+03
7.967428571428571558e+03
7.761571428571428442e+03
7.792428571428571558e+03
7.900714285714285325e+03
7.906714285714285325e+03
7.830142857142856883e+03
7.801285714285714675e+03
7.844857142857143117e+03
7.964285714285714675e+03
7.850285714285714675e+03
7.792142857142856883e+03
7.926285714285714675e+03
7.919571428571428442e+03
7.787857142857143117e+03
7.774000000000000000e+03
7.897428571428571558e+03
7.896285714285714675e+03
7.793428571428571558e+03
7.794428571428571558e+03
7.922571428571428442e+03
7.873142857142856883e+03
7.765714285714285325e+03
7.789428571428571558e+03
7.877571428571428442e+03
7.889142857142856883e+03
7.806571428571428442e+03
7.775428571428571558e+03
7.885285714285714675e+03
7.920000000000000000e+03
7.801428571428571558e+03
7.817571428571428442e+03
7.937000000000000000e+03
7.857857142857143117e+03
7.786428571428571558e+03
7.794142857142856883e+03
7.946571428571428442e+03
7.924142857142856883e+03
7.784285714285714675e+03
7.799714285714285325e+03
7.938857142857143117e+03
7.919571428571428442e+03
7.771142857142856883e+03
7.764428571428571558e+03
7.948428571428571558e+03
7.954000000000000000e+03
7.791000000000000000e+03
7.809428571428571558e+03
7.878571428571428442e+03
7.856428571428571558e+03
7.780857142857143117e+03
7.788142857142856883e+03
7.958857142857143117e+03
7.901285714285714675e+03
7.770571428571428442e+03
7.791428571428571558e+03
7.920714285714285325e+03
7.920571428571428442e+03
7.788428571428571558e+03
7.772571428571428442e+03
7.856428571428571558e+03
7.914857142857143117e+03
7.778571428571428442e+03
7.767571428571428442e+03
7.899142857142856883e+03
7.905000000000000000e+03
7.821000000000000000e+03
7.759000000000000000e+03
7.914142857142856883e+03
7.895285714285714675e+03
7.772571428571428442e+03
7.814285714285714675e+03
7.922571428571428442e+03
7.915142857142856883e+03
7.793142857142856883e+03
7.781571428571428442e+03
7.911714285714285325e+03
7.869428571428571558e+03
7.783285714285714675e+03
7.750571428571428442e+03
7.905714285714285325e+03
7.872285714285714675e+03
7.823000000000000000e+03
7.779000000000000000e+03
7.961142857142856883e+03
7.947571428571428442e+03
7.821714285714285325e+03
7.791142857142856883e+03
7.872714285714285325e+03
7.872285714285714675e+03
7.770714285714285325e+03
7.769428571428571558e+03
7.804000000000000000e+03
7.849285714285714675e+03
7.744714285714285325e+03
7.762428571428571558e+03
7.903285714285714675e+03
7.867142857142856883e+03
7.773428571428571558e+03
7.802571428571428442e+03
7.948000000000000000e+03
7.875142857142856883e+03
7.759428571428571558e+03
7.766142857142856883e+03
7.958571428571428442e+03
7.962000000000000000e+03
7.752571428571428442e+03
7.765571428571428442e+03
7.936142857142856883e+03
7.853428571428571558e+03
7.794714285714285325e+03
7.777000000000000000e+03
7.953714285714285325e+03
7.834428571428571558e+03
7.789428571428571558e+03
7.774428571428571558e+03
7.900714285714285325e+03
7.889571428571428442e+03
7.741857142857143117e+03
7.831428571428571558e+03
7.904285714285714675e+03
7.931142857142856883e+03
7.802285714285714675e+03
7.756714285714285325e+03
7.917857142857143117e+03
7.888142857142856883e+03
7.743285714285714675e+03
7.778285714285714675e+03
7.900142857142856883e+03
7.891571428571428442e+03
7.781000000000000000e+03
7.756571428571428442e+03
7.864142857142856883e+03
7.934714285714285325e+03
7.758857142857143117e+03
7.772285714285714675e+03
7.860285714285714675e+03
7.893285714285714675e+03
7.742857142857143117e+03
7.771142857142856883e+03
7.875857142857143117e+03
7.858285714285714675e+03
7.787714285714285325e+03
7.763142857142856883e+03
7.910714285714285325e+03
7.916571428571428442e+03
7.765142857142856883e+03
7.740000000000000000e+03
7.909714285714285325e+03
7.932285714285714675e+03
7.803571428571428442e+03
7.776000000000000000e+03
7.951428571428571558e+03
7.849428571428571558e+03
7.786714285714285325e+03
7.757428571428571558e+03
7.877714285714285325e+03
7.904571428571428442e+03
7.783428571428571558e+03
7.769714285714285325e+03
7.912857142857143117e+03
7.920000000000000000e+03
7.803714285714285325e+03
7.738571428571428442e+03
7.884714285714285325e+03
7.860571428571428442e+03
7.734857142857143117e+03
7.740714285714285325e+03
7.892428571428571558e+03
7.973714285714285325e+03
7.767142857142856883e+03
7.762428571428571558e+03
7.948000000000000000e+03
7.986285714285714675e+03
7.778857142857143117e+03
7.766714285714285325e+03
7.889285714285714675e+03
7.930571428571428442e+03
7.770714285714285325e+03
7.785142857142856883e+03
7.930714285714285325e+03
7.916000000000000000e+03
7.811714285714285325e+03
7.764571428571428442e+03
7.916285714285714675e+03
7.860285714285714675e+03
7.771142857142856883e+03
7.744000000000000000e+03
7.910857142857143117e+03
7.991714285714285325e+03
7.794142857142856883e+03
7.757000000000000000e+03
7.931000000000000000e+03
7.921428571428571558e+03
7.790857142857143117e+03
7.770142857142856883e+03
7.940857142857143117e+03
7.942857142857143117e+03
7.756714285714285325e+03
7.777571428571428442e+03
7.870000000000000000e+03
7.978285714285714675e+03
7.777857142857143117e+03
7.764000000000000000e+03
7.946571428571428442e+03
7.944857142857143117e+03
7.777142857142856883e+03
7.768428571428571558e+03
7.933000000000000000e+03
7.920428571428571558e+03
7.768857142857143117e+03
7.758857142857143117e+03
7.892571428571428442e+03
7.937857142857143117e+03
7.734714285714285325e+03
7.761857142857143117e+03
7.920714285714285325e+03
7.961285714285714675e+03
7.773571428571428442e+03
7.743857142857143117e+03
7.900714285714285325e+03
7.909142857142856883e+03
7.754714285714285325e+03
7.770000000000000000e+03
7.955142857142856883e+03
7.848571428571428442e+03
7.810428571428571558e+03
7.767000000000000000e+03
7.879857142857143117e+03
7.809142857142856883e+03
7.765857142857143117e+03
7.753428571428571558e+03
7.951428571428571558e+03
7.950428571428571558e+03
7.756714285714285325e+03
7.822142857142856883e+03
7.875142857142856883e+03
7.897714285714285325e+03
7.764142857142856883e+03
7.782857142857143117e+03
7.929857142857143117e+03
7.908142857142856883e+03
7.768000000000000000e+03
7.761857142857143117e+03
7.873857142857143117e+03
7.934857142857143117e+03
7.781285714285714675e+03
7.785571428571428442e+03
7.868000000000000000e+03
7.898571428571428442e+03
7.767285714285714675e+03
7.777000000000000000e+03
7.856285714285714675e+03
7.894857142857143117e+03
7.795000000000000000e+03
7.767571428571428442e+03
7.888857142857143117e+03
7.895857142857143117e+03
7.732571428571428442e+03
7.755000000000000000e+03
7.907571428571428442e+03
7.942142857142856883e+03
7.781285714285714675e+03
7.740857142857143117e+03
7.870000000000000000e+03
7.949428571428571558e+03
7.737857142857143117e+03
7.773285714285714675e+03
7.958285714285714675e+03
7.895428571428571558e+03
7.796285714285714675e+03
7.768142857142856883e+03
7.872000000000000000e+03
7.890285714285714675e+03
7.754428571428571558e+03
7.809142857142856883e+03
7.921428571428571558e+03
7.908000000000000000e+03
7.754142857142856883e+03
7.752714285714285325e+03
7.928428571428571558e+03
7.932285714285714675e+03
7.746142857142856883e+03
7.767571428571428442e+03
7.964857142857143117e+03
7.881142857142856883e+03
7.734714285714285325e+03
7.781857142857143117e+03
7.908857142857143117e+03
7.952571428571428442e+03
7.756142857142856883e+03
7.783142857142856883e+03
7.939000000000000000e+03
7.898000000000000000e+03
7.744857142857143117e+03
7.780428571428571558e+03
7.870571428571428442e+03
7.926142857142856883e+03
7.733142857142856883e+03
7.780571428571428442e+03
7.900000000000000000e+03
7.906285714285714675e+03
7.773571428571428442e+03
7.765285714285714675e+03
7.905428571428571558e+03
7.849285714285714675e+03
7.798285714285714675e+03
7.759857142857143117e+03
7.860285714285714675e+03
7.922000000000000000e+03
7.775285714285714675e+03
7.795428571428571558e+03
7.932714285714285325e+03
7.907285714285714675e+03
7.770714285714285325e+03
7.773714285714285325e+03
7.893714285714285325e+03
7.874857142857143117e+03
7.748857142857143117e+03
7.757428571428571558e+03
7.916714285714285325e+03
7.923285714285714675e+03
7.757428571428571558e+03
7.774142857142856883e+03
7.905857142857143117e+03
7.986428571428571558e+03
7.762285714285714675e+03
7.789000000000000000e+03
7.866857142857143117e+03
7.889857142857143117e+03
7.764285714285714675e+03
7.780000000000000000e+03
7.883000000000000000e+03
7.915428571428571558e+03
7.747000000000000000e+03
7.760285714285714675e+03
7.901142857142856883e+03
7.853428571428571558e+03
7.767285714285714675e+03
7.755714285714285325e+03
7.935000000000000000e+03
7.943142857142856883e+03
7.795000000000000000e+03
7.767142857142856883e+03
7.922857142857143117e+03
7.916571428571428442e+03
7.764285714285714675e+03
7.768428571428571558e+03
7.886285714285714675e+03
7.873857142857143117e+03
7.749428571428571558e+03
7.747000000000000000e+03
7.864285714285714675e+03
7.953285714285714675e+03
7.743571428571428442e+03
7.748571428571428442e+03
7.921428571428571558e+03
7.956571428571428442e+03
7.765142857142856883e+03
7.745857142857143117e+03
7.898571428571428442e+03
7.923571428571428442e+03
7.764142857142856883e+03
7.742571428571428442e+03
7.911142857142856883e+03
7.916000000000000000e+03
7.725142857142856883e+03
7.817571428571428442e+03
7.882571428571428442e+03
7.885571428571428442e+03
7.738000000000000000e+03
7.764285714285714675e+03
7.897285714285714675e+03
7.898857142857143117e+03
7.786000000000000000e+03
7.763714285714285325e+03
7.875285714285714675e+03
7.932571428571428442e+03
7.754714285714285325e+03
7.760285714285714675e+03
7.823142857142856883e+03
7.968285714285714675e+03
7.763857142857143117e+03
7.814142857142856883e+03
7.895428571428571558e+03
8.349000000000000000e+03
7.732714285714285325e+03
7.769428571428571558e+03
7.867142857142856883e+03
7.974428571428571558e+03
7.790571428571428442e+03
7.751000000000000000e+03
7.890571428571428442e+03
7.874714285714285325e+03
7.745857142857143117e+03
7.824571428571428442e+03
7.954142857142856883e+03
7.906714285714285325e+03
7.757857142857143117e+03
7.782714285714285325e+03
7.922571428571428442e+03
7.915000000000000000e+03
7.761285714285714675e+03
7.788571428571428442e+03
7.871571428571428442e+03
7.856857142857143117e+03
7.745714285714285325e+03
7.768714285714285325e+03
7.832000000000000000e+03
7.868571428571428442e+03
7.757571428571428442e+03
7.763428571428571558e+03
7.880571428571428442e+03
7.839428571428571558e+03
7.766142857142856883e+03
7.763285714285714675e+03
7.875571428571428442e+03
7.900142857142856883e+03
7.747571428571428442e+03
7.819285714285714675e+03
7.891571428571428442e+03
7.905571428571428442e+03
7.734714285714285325e+03
7.744285714285714675e+03
7.912857142857143117e+03
7.862428571428571558e+03
7.768571428571428442e+03
7.780714285714285325e+03
7.877714285714285325e+03
7.909857142857143117e+03
7.741285714285714675e+03
7.777571428571428442e+03
7.917714285714285325e+03
7.866428571428571558e+03
7.766428571428571558e+03
7.754000000000000000e+03
7.906857142857143117e+03
7.877428571428571558e+03
7.732428571428571558e+03
7.734857142857143117e+03
7.902571428571428442e+03
7.866857142857143117e+03
7.725714285714285325e+03
7.736142857142856883e+03
7.653857142857143117e+03
7.664000000000000000e+03
7.651714285714285325e+03
7.651285714285714675e+03
7.655000000000000000e+03
7.651285714285714675e+03
7.654142857142856883e+03
7.666571428571428442e+03
7.944714285714285325e+03
7.930428571428571558e+03
