1.030908333333333394e+04
7.387083333333333030e+03
7.597333333333333030e+03
7.572833333333333030e+03
7.567333333333333030e+03
7.575666666666666970e+03
7.575000000000000000e+03
7.578000000000000000e+03
7.571666666666666970e+03
7.570166666666666970e+03
7.569166666666666970e+03
7.569833333333333030e+03
7.568666666666666970e+03
7.569916666666666970e+03
7.575500000000000000e+03
7.573416666666666970e+03
7.800916666666666970e+03
7.802833333333333030e+03
7.650583333333333030e+03
7.662833333333333030e+03
7.823416666666666970e+03
7.884416666666666970e+03
7.701166666666666970e+03
7.694583333333333030e+03
7.821583333333333030e+03
7.831666666666666970e+03
7.677666666666666970e+03
7.686083333333333030e+03
7.875833333333333030e+03
8.297416666666666060e+03
8.603833333333333940e+03
8.632833333333333940e+03
8.721666666666666060e+03
8.900000000000000000e+03
8.547833333333333940e+03
8.574750000000000000e+03
8.763083333333333940e+03
8.779250000000000000e+03
8.636333333333333940e+03
8.604333333333333940e+03
8.730250000000000000e+03
8.732750000000000000e+03
8.592416666666666060e+03
8.611916666666666060e+03
8.781083333333333940e+03
8.679500000000000000e+03
8.580000000000000000e+03
8.561333333333333940e+03
8.712750000000000000e+03
8.731583333333333940e+03
8.533333333333333940e+03
8.630750000000000000e+03
8.786416666666666060e+03
8.715500000000000000e+03
8.534500000000000000e+03
8.543333333333333940e+03
8.755250000000000000e+03
8.753833333333333940e+03
8.566250000000000000e+03
8.581000000000000000e+03
8.695166666666666060e+03
8.724333333333333940e+03
8.637500000000000000e+03
8.519083333333333940e+03
8.794416666666666060e+03
8.648083333333333940e+03
8.627833333333333940e+03
8.559500000000000000e+03
8.846500000000000000e+03
8.706083333333333940e+03
8.564166666666666060e+03
8.528666666666666060e+03
8.674750000000000000e+03
8.619500000000000000e+03
8.542666666666666060e+03
8.533666666666666060e+03
8.646750000000000000e+03
8.714833333333333940e+03
8.591916666666666060e+03
8.498500000000000000e+03
8.707166666666666060e+03
8.668083333333333940e+03
8.582500000000000000e+03
8.569083333333333940e+03
8.764083333333333940e+03
8.792583333333333940e+03
8.560833333333333940e+03
8.535166666666666060e+03
8.702583333333333940e+03
8.638166666666666060e+03
8.554166666666666060e+03
8.518083333333333940e+03
8.768000000000000000e+03
8.617916666666666060e+03
8.621250000000000000e+03
8.540083333333333940e+03
8.783666666666666060e+03
8.674750000000000000e+03
8.520750000000000000e+03
8.538083333333333940e+03
8.751416666666666060e+03
8.709916666666666060e+03
8.576333333333333940e+03
8.523666666666666060e+03
8.724833333333333940e+03
8.647666666666666060e+03
8.517666666666666060e+03
8.524500000000000000e+03
8.725583333333333940e+03
8.683166666666666060e+03
8.529916666666666060e+03
8.519333333333333940e+03
8.741666666666666060e+03
8.633583333333333940e+03
8.561666666666666060e+03
8.574333333333333940e+03
8.740833333333333940e+03
8.733833333333333940e+03
8.570000000000000000e+03
8.503750000000000000e+03
8.801583333333333940e+03
8.723166666666666060e+03
8.516833333333333940e+03
8.502416666666666060e+03
8.623583333333333940e+03
8.677416666666666060e+03
8.510916666666666060e+03
8.562000000000000000e+03
8.666750000000000000e+03
8.674166666666666060e+03
8.537083333333333940e+03
8.534750000000000000e+03
8.685500000000000000e+03
8.681583333333333940e+03
8.544833333333333940e+03
8.565416666666666060e+03
8.797750000000000000e+03
8.716833333333333940e+03
8.549083333333333940e+03
8.529500000000000000e+03
8.642666666666666060e+03
8.729166666666666060e+03
8.480666666666666060e+03
8.516333333333333940e+03
8.670000000000000000e+03
8.730750000000000000e+03
8.499333333333333940e+03
8.494916666666666060e+03
8.696250000000000000e+03
8.649833333333333940e+03
8.543166666666666060e+03
8.523750000000000000e+03
8.669666666666666060e+03
8.632916666666666060e+03
8.558666666666666060e+03
8.484333333333333940e+03
8.732416666666666060e+03
8.720916666666666060e+03
8.522750000000000000e+03
8.486083333333333940e+03
8.655750000000000000e+03
8.703750000000000000e+03
8.514666666666666060e+03
8.532833333333333940e+03
8.697500000000000000e+03
8.644416666666666060e+03
8.545833333333333940e+03
8.491500000000000000e+03
8.693666666666666060e+03
8.685333333333333940e+03
8.581416666666666060e+03
8.478166666666666060e+03
8.689250000000000000e+03
8.664166666666666060e+03
8.530083333333333940e+03
8.506750000000000000e+03
8.645666666666666060e+03
8.577833333333333940e+03
8.502083333333333940e+03
8.555416666666666060e+03
8.623916666666666060e+03
8.672916666666666060e+03
8.484750000000000000e+03
8.513416666666666060e+03
8.619500000000000000e+03
8.659583333333333940e+03
8.492166666666666060e+03
8.544416666666666060e+03
8.714666666666666060e+03
8.629833333333333940e+03
8.516500000000000000e+03
8.487333333333333940e+03
8.735333333333333940e+03
8.618500000000000000e+03
8.570416666666666060e+03
8.525750000000000000e+03
8.679916666666666060e+03
8.643000000000000000e+03
8.496916666666666060e+03
8.482416666666666060e+03
8.675500000000000000e+03
8.683250000000000000e+03
8.539333333333333940e+03
8.505083333333333940e+03
8.637916666666666060e+03
8.665833333333333940e+03
8.475666666666666060e+03
8.509750000000000000e+03
8.634916666666666060e+03
8.695083333333333940e+03
8.507583333333333940e+03
8.479333333333333940e+03
8.714666666666666060e+03
8.734750000000000000e+03
8.515000000000000000e+03
8.491750000000000000e+03
8.558083333333333940e+03
8.633166666666666060e+03
8.491750000000000000e+03
8.533083333333333940e+03
8.618833333333333940e+03
8.606000000000000000e+03
8.555666666666666060e+03
8.509583333333333940e+03
8.676000000000000000e+03
8.659250000000000000e+03
8.516916666666666060e+03
8.479000000000000000e+03
8.677583333333333940e+03
8.567000000000000000e+03
8.497000000000000000e+03
8.486416666666666060e+03
8.683083333333333940e+03
8.684083333333333940e+03
8.450750000000000000e+03
8.479250000000000000e+03
8.728666666666666060e+03
8.698333333333333940e+03
8.526666666666666060e+03
8.487083333333333940e+03
8.603583333333333940e+03
8.655750000000000000e+03
8.512666666666666060e+03
8.505000000000000000e+03
8.671333333333333940e+03
8.684750000000000000e+03
8.497166666666666060e+03
8.520583333333333940e+03
8.702083333333333940e+03
8.681166666666666060e+03
8.509000000000000000e+03
8.432583333333333940e+03
8.624333333333333940e+03
8.647916666666666060e+03
8.485833333333333940e+03
8.467000000000000000e+03
8.677000000000000000e+03
8.558333333333333940e+03
8.501750000000000000e+03
8.474666666666666060e+03
8.665666666666666060e+03
8.617166666666666060e+03
8.469833333333333940e+03
8.471166666666666060e+03
8.677916666666666060e+03
8.658000000000000000e+03
8.479333333333333940e+03
8.476166666666666060e+03
8.650333333333333940e+03
8.661916666666666060e+03
8.506750000000000000e+03
8.527333333333333940e+03
8.683833333333333940e+03
8.672500000000000000e+03
8.491916666666666060e+03
8.511416666666666060e+03
8.621166666666666060e+03
8.576583333333333940e+03
8.561416666666666060e+03
8.474833333333333940e+03
8.706250000000000000e+03
8.493583333333333940e+03
8.466166666666666060e+03
8.469416666666666060e+03
8.616833333333333940e+03
8.577916666666666060e+03
8.565916666666666060e+03
8.451500000000000000e+03
8.753083333333333940e+03
8.594166666666666060e+03
8.453250000000000000e+03
8.492750000000000000e+03
8.682083333333333940e+03
8.616916666666666060e+03
8.439250000000000000e+03
8.514083333333333940e+03
8.662916666666666060e+03
8.619166666666666060e+03
8.453583333333333940e+03
8.468666666666666060e+03
8.689833333333333940e+03
8.591083333333333940e+03
8.484000000000000000e+03
8.472166666666666060e+03
8.599666666666666060e+03
8.648000000000000000e+03
8.453583333333333940e+03
8.493500000000000000e+03
8.586750000000000000e+03
8.605833333333333940e+03
8.512583333333333940e+03
8.518916666666666060e+03
8.571750000000000000e+03
8.634583333333333940e+03
8.490583333333333940e+03
8.466583333333333940e+03
8.598500000000000000e+03
8.623416666666666060e+03
8.459250000000000000e+03
8.451250000000000000e+03
8.610583333333333940e+03
8.685750000000000000e+03
8.510416666666666060e+03
8.442583333333333940e+03
8.570666666666666060e+03
8.692333333333333940e+03
8.420666666666666060e+03
8.505750000000000000e+03
8.696333333333333940e+03
8.638666666666666060e+03
8.523666666666666060e+03
8.492750000000000000e+03
8.593083333333333940e+03
8.670500000000000000e+03
8.484000000000000000e+03
8.532500000000000000e+03
8.715166666666666060e+03
8.562833333333333940e+03
8.465666666666666060e+03
8.421416666666666060e+03
8.690666666666666060e+03
8.590833333333333940e+03
8.542083333333333940e+03
8.422250000000000000e+03
8.673750000000000000e+03
8.460583333333333940e+03
8.446500000000000000e+03
8.476166666666666060e+03
8.656666666666666060e+03
8.616750000000000000e+03
8.442250000000000000e+03
8.467916666666666060e+03
8.624166666666666060e+03
8.662416666666666060e+03
8.446750000000000000e+03
8.427833333333333940e+03
8.657083333333333940e+03
8.697416666666666060e+03
8.443500000000000000e+03
8.426083333333333940e+03
8.659250000000000000e+03
8.597333333333333940e+03
8.470916666666666060e+03
8.500750000000000000e+03
8.663583333333333940e+03
8.655250000000000000e+03
8.448250000000000000e+03
8.452166666666666060e+03
8.677000000000000000e+03
8.577333333333333940e+03
8.522250000000000000e+03
8.496250000000000000e+03
8.713666666666666060e+03
8.624833333333333940e+03
8.426833333333333940e+03
8.477166666666666060e+03
8.671250000000000000e+03
8.611666666666666060e+03
8.449666666666666060e+03
8.453500000000000000e+03
8.638333333333333940e+03
8.649333333333333940e+03
8.471250000000000000e+03
8.418833333333333940e+03
8.610250000000000000e+03
8.601166666666666060e+03
8.526583333333333940e+03
8.435583333333333940e+03
8.582416666666666060e+03
8.635500000000000000e+03
8.453750000000000000e+03
8.419416666666666060e+03
8.636916666666666060e+03
8.584166666666666060e+03
8.442333333333333940e+03
8.468250000000000000e+03
8.673916666666666060e+03
8.575250000000000000e+03
8.429416666666666060e+03
8.430916666666666060e+03
8.654666666666666060e+03
8.624833333333333940e+03
8.462166666666666060e+03
8.456333333333333940e+03
8.657500000000000000e+03
8.597583333333333940e+03
8.444250000000000000e+03
8.466583333333333940e+03
8.678500000000000000e+03
8.567083333333333940e+03
8.473083333333333940e+03
8.427333333333333940e+03
8.619750000000000000e+03
8.664583333333333940e+03
8.458083333333333940e+03
8.430166666666666060e+03
8.609583333333333940e+03
8.606083333333333940e+03
8.440166666666666060e+03
8.451000000000000000e+03
8.690666666666666060e+03
8.574833333333333940e+03
8.526666666666666060e+03
8.468250000000000000e+03
8.703750000000000000e+03
8.565833333333333940e+03
8.504666666666666060e+03
8.453916666666666060e+03
8.618000000000000000e+03
8.576666666666666060e+03
8.466000000000000000e+03
8.464916666666666060e+03
8.580083333333333940e+03
8.638500000000000000e+03
8.435750000000000000e+03
8.448750000000000000e+03
8.584833333333333940e+03
8.607500000000000000e+03
8.460750000000000000e+03
8.396750000000000000e+03
8.742750000000000000e+03
8.629666666666666060e+03
8.407000000000000000e+03
8.468333333333333940e+03
8.551500000000000000e+03
8.638166666666666060e+03
8.480583333333333940e+03
8.394250000000000000e+03
8.561583333333333940e+03
8.641666666666666060e+03
8.451333333333333940e+03
8.470583333333333940e+03
8.620666666666666060e+03
8.562750000000000000e+03
8.499583333333333940e+03
8.457416666666666060e+03
8.658166666666666060e+03
8.661416666666666060e+03
8.534250000000000000e+03
8.473833333333333940e+03
8.671916666666666060e+03
8.578583333333333940e+03
8.501666666666666060e+03
8.526750000000000000e+03
8.653416666666666060e+03
8.641416666666666060e+03
8.511666666666666060e+03
8.474750000000000000e+03
8.667333333333333940e+03
8.743416666666666060e+03
8.566500000000000000e+03
8.443666666666666060e+03
8.694333333333333940e+03
8.609833333333333940e+03
8.430166666666666060e+03
8.497583333333333940e+03
8.694666666666666060e+03
8.619916666666666060e+03
8.473000000000000000e+03
8.463166666666666060e+03
8.663416666666666060e+03
8.630583333333333940e+03
8.540416666666666060e+03
8.452583333333333940e+03
8.654083333333333940e+03
8.515000000000000000e+03
8.522416666666666060e+03
8.442416666666666060e+03
8.713083333333333940e+03
8.660333333333333940e+03
8.528916666666666060e+03
8.485250000000000000e+03
8.737833333333333940e+03
8.702916666666666060e+03
8.479833333333333940e+03
8.452333333333333940e+03
8.650250000000000000e+03
8.672583333333333940e+03
8.438250000000000000e+03
8.530833333333333940e+03
8.609250000000000000e+03
8.677666666666666060e+03
8.476000000000000000e+03
8.446500000000000000e+03
8.667583333333333940e+03
8.606166666666666060e+03
8.483333333333333940e+03
8.545000000000000000e+03
8.771916666666666060e+03
8.668333333333333940e+03
8.496833333333333940e+03
8.478000000000000000e+03
8.722750000000000000e+03
8.546166666666666060e+03
8.485583333333333940e+03
8.502000000000000000e+03
8.726333333333333940e+03
8.606583333333333940e+03
8.480166666666666060e+03
8.505583333333333940e+03
8.670333333333333940e+03
8.685916666666666060e+03
8.533500000000000000e+03
8.465833333333333940e+03
8.695250000000000000e+03
8.763666666666666060e+03
8.506750000000000000e+03
8.509000000000000000e+03
8.716583333333333940e+03
8.682833333333333940e+03
8.513000000000000000e+03
8.505666666666666060e+03
8.688333333333333940e+03
8.690583333333333940e+03
8.514083333333333940e+03
8.485750000000000000e+03
8.661500000000000000e+03
8.624583333333333940e+03
8.529750000000000000e+03
8.518833333333333940e+03
8.754000000000000000e+03
8.694583333333333940e+03
8.539666666666666060e+03
8.508333333333333940e+03
8.692000000000000000e+03
8.657250000000000000e+03
8.516250000000000000e+03
8.484666666666666060e+03
8.665000000000000000e+03
8.650166666666666060e+03
8.560166666666666060e+03
8.464333333333333940e+03
8.695333333333333940e+03
8.638916666666666060e+03
8.500166666666666060e+03
8.518500000000000000e+03
8.715500000000000000e+03
8.698000000000000000e+03
8.521750000000000000e+03
8.599333333333333940e+03
8.628833333333333940e+03
8.732083333333333940e+03
8.516500000000000000e+03
8.538583333333333940e+03
8.762000000000000000e+03
8.695916666666666060e+03
8.495833333333333940e+03
8.513583333333333940e+03
8.576333333333333940e+03
8.610000000000000000e+03
8.528833333333333940e+03
8.520000000000000000e+03
8.726916666666666060e+03
8.662416666666666060e+03
8.488500000000000000e+03
8.483083333333333940e+03
8.597166666666666060e+03
8.732000000000000000e+03
8.561333333333333940e+03
8.521583333333333940e+03
8.727666666666666060e+03
8.709666666666666060e+03
8.500500000000000000e+03
8.551416666666666060e+03
8.698666666666666060e+03
8.628000000000000000e+03
8.521750000000000000e+03
8.528500000000000000e+03
8.730750000000000000e+03
8.687333333333333940e+03
8.509666666666666060e+03
8.472000000000000000e+03
8.630833333333333940e+03
8.624333333333333940e+03
8.528416666666666060e+03
8.507000000000000000e+03
8.672250000000000000e+03
8.693416666666666060e+03
8.516083333333333940e+03
8.505416666666666060e+03
8.625166666666666060e+03
8.558833333333333940e+03
8.523083333333333940e+03
8.547916666666666060e+03
8.719250000000000000e+03
8.639000000000000000e+03
8.508416666666666060e+03
8.505583333333333940e+03
8.682916666666666060e+03
8.678000000000000000e+03
8.509583333333333940e+03
8.496000000000000000e+03
8.672000000000000000e+03
8.662250000000000000e+03
8.531750000000000000e+03
8.577916666666666060e+03
8.652583333333333940e+03
8.699166666666666060e+03
8.529750000000000000e+03
8.626583333333333940e+03
8.578083333333333940e+03
8.650583333333333940e+03
8.520333333333333940e+03
8.517583333333333940e+03
8.646833333333333940e+03
8.639583333333333940e+03
8.522333333333333940e+03
8.532250000000000000e+03
8.664500000000000000e+03
8.637833333333333940e+03
8.539000000000000000e+03
8.632166666666666060e+03
8.769250000000000000e+03
8.803083333333333940e+03
8.594166666666666060e+03
8.509750000000000000e+03
8.698666666666666060e+03
8.714250000000000000e+03
8.514083333333333940e+03
8.521666666666666060e+03
8.634583333333333940e+03
8.773166666666666060e+03
8.600000000000000000e+03
8.505250000000000000e+03
8.675666666666666060e+03
8.686416666666666060e+03
8.535666666666666060e+03
8.528166666666666060e+03
8.702000000000000000e+03
8.696750000000000000e+03
8.594666666666666060e+03
8.533083333333333940e+03
8.668583333333333940e+03
8.749500000000000000e+03
8.570000000000000000e+03
8.608583333333333940e+03
8.711000000000000000e+03
8.630250000000000000e+03
8.582416666666666060e+03
8.537583333333333940e+03
8.787083333333333940e+03
8.627000000000000000e+03
8.616166666666666060e+03
8.525583333333333940e+03
8.637666666666666060e+03
8.721333333333333940e+03
8.570333333333333940e+03
8.498666666666666060e+03
8.605500000000000000e+03
8.700500000000000000e+03
8.561083333333333940e+03
8.533000000000000000e+03
8.737333333333333940e+03
8.708250000000000000e+03
8.518416666666666060e+03
8.513083333333333940e+03
8.655333333333333940e+03
8.652500000000000000e+03
8.501916666666666060e+03
8.536083333333333940e+03
8.699500000000000000e+03
8.738833333333333940e+03
8.545833333333333940e+03
8.632416666666666060e+03
8.668583333333333940e+03
8.630166666666666060e+03
8.622833333333333940e+03
8.550666666666666060e+03
8.716166666666666060e+03
8.682750000000000000e+03
8.569666666666666060e+03
8.554500000000000000e+03
8.699666666666666060e+03
8.742833333333333940e+03
8.601000000000000000e+03
8.744833333333333940e+03
8.745583333333333940e+03
8.729166666666666060e+03
8.528916666666666060e+03
8.569000000000000000e+03
8.623833333333333940e+03
8.617500000000000000e+03
8.582583333333333940e+03
8.520500000000000000e+03
8.669750000000000000e+03
8.688916666666666060e+03
8.554833333333333940e+03
8.596750000000000000e+03
8.691333333333333940e+03
8.751833333333333940e+03
8.565333333333333940e+03
8.524083333333333940e+03
8.784750000000000000e+03
8.748750000000000000e+03
8.574750000000000000e+03
8.506000000000000000e+03
8.727416666666666060e+03
8.702666666666666060e+03
8.571083333333333940e+03
8.553000000000000000e+03
8.682250000000000000e+03
8.665666666666666060e+03
8.576250000000000000e+03
8.551166666666666060e+03
8.770750000000000000e+03
8.753916666666666060e+03
8.579833333333333940e+03
8.542000000000000000e+03
8.714000000000000000e+03
8.746416666666666060e+03
8.660833333333333940e+03
8.591083333333333940e+03
8.714833333333333940e+03
8.679250000000000000e+03
8.540666666666666060e+03
8.539666666666666060e+03
8.743083333333333940e+03
8.673250000000000000e+03
8.582750000000000000e+03
8.620833333333333940e+03
8.670250000000000000e+03
8.683666666666666060e+03
8.608250000000000000e+03
8.538166666666666060e+03
8.737000000000000000e+03
8.672833333333333940e+03
8.574666666666666060e+03
8.606000000000000000e+03
8.675000000000000000e+03
8.711583333333333940e+03
8.624250000000000000e+03
8.609000000000000000e+03
8.656500000000000000e+03
8.803166666666666060e+03
8.578416666666666060e+03
8.538250000000000000e+03
8.774500000000000000e+03
8.747916666666666060e+03
8.629416666666666060e+03
8.562250000000000000e+03
8.744166666666666060e+03
8.691750000000000000e+03
8.571666666666666060e+03
8.633916666666666060e+03
8.726166666666666060e+03
8.685083333333333940e+03
8.600166666666666060e+03
8.577583333333333940e+03
8.806250000000000000e+03
8.686833333333333940e+03
8.566750000000000000e+03
8.552916666666666060e+03
8.811166666666666060e+03
8.766583333333333940e+03
8.614250000000000000e+03
8.572833333333333940e+03
8.658916666666666060e+03
8.735250000000000000e+03
8.629416666666666060e+03
8.548750000000000000e+03
8.640250000000000000e+03
8.705833333333333940e+03
8.611583333333333940e+03
8.532083333333333940e+03
8.697416666666666060e+03
8.756083333333333940e+03
8.591750000000000000e+03
8.496666666666666060e+03
8.764000000000000000e+03
8.746583333333333940e+03
8.582166666666666060e+03
8.558166666666666060e+03
8.765916666666666060e+03
8.707666666666666060e+03
8.525750000000000000e+03
8.545000000000000000e+03
8.810833333333333940e+03
8.769166666666666060e+03
8.624000000000000000e+03
8.541333333333333940e+03
8.724583333333333940e+03
8.680166666666666060e+03
8.589250000000000000e+03
8.553166666666666060e+03
8.758833333333333940e+03
8.778833333333333940e+03
8.623250000000000000e+03
8.622666666666666060e+03
8.687000000000000000e+03
8.776500000000000000e+03
8.581750000000000000e+03
8.566333333333333940e+03
8.822333333333333940e+03
8.764500000000000000e+03
8.588666666666666060e+03
8.560583333333333940e+03
8.760416666666666060e+03
8.807333333333333940e+03
8.543500000000000000e+03
8.531000000000000000e+03
8.670000000000000000e+03
8.749083333333333940e+03
8.613250000000000000e+03
8.570416666666666060e+03
8.707666666666666060e+03
8.705500000000000000e+03
8.610333333333333940e+03
8.570916666666666060e+03
8.745666666666666060e+03
8.743500000000000000e+03
8.648166666666666060e+03
8.608500000000000000e+03
8.726416666666666060e+03
8.760250000000000000e+03
8.552000000000000000e+03
8.560083333333333940e+03
8.619916666666666060e+03
8.662166666666666060e+03
8.596750000000000000e+03
8.559833333333333940e+03
8.788666666666666060e+03
8.733916666666666060e+03
8.633833333333333940e+03
8.577750000000000000e+03
8.808500000000000000e+03
8.759000000000000000e+03
8.580833333333333940e+03
8.568750000000000000e+03
8.792833333333333940e+03
8.694500000000000000e+03
8.578750000000000000e+03
8.547833333333333940e+03
8.746750000000000000e+03
8.720750000000000000e+03
8.566416666666666060e+03
8.604833333333333940e+03
8.798083333333333940e+03
8.789333333333333940e+03
8.572250000000000000e+03
8.548833333333333940e+03
8.705500000000000000e+03
8.710416666666666060e+03
8.623750000000000000e+03
8.599583333333333940e+03
8.656500000000000000e+03
8.697750000000000000e+03
8.640916666666666060e+03
8.616750000000000000e+03
8.779250000000000000e+03
8.747333333333333940e+03
8.551083333333333940e+03
8.579750000000000000e+03
8.693916666666666060e+03
8.777166666666666060e+03
8.545750000000000000e+03
8.580416666666666060e+03
8.746250000000000000e+03
8.793166666666666060e+03
8.556166666666666060e+03
8.594666666666666060e+03
8.722166666666666060e+03
8.725750000000000000e+03
8.621750000000000000e+03
8.636500000000000000e+03
8.763833333333333940e+03
8.746333333333333940e+03
8.588833333333333940e+03
8.579833333333333940e+03
8.656166666666666060e+03
8.754583333333333940e+03
8.634166666666666060e+03
8.650250000000000000e+03
8.748500000000000000e+03
8.722666666666666060e+03
8.607000000000000000e+03
8.552750000000000000e+03
8.713666666666666060e+03
8.684750000000000000e+03
8.648333333333333940e+03
8.562583333333333940e+03
8.784333333333333940e+03
8.767666666666666060e+03
8.601166666666666060e+03
8.581333333333333940e+03
8.735000000000000000e+03
8.726500000000000000e+03
8.686083333333333940e+03
8.603000000000000000e+03
8.791833333333333940e+03
8.767583333333333940e+03
8.626416666666666060e+03
8.585166666666666060e+03
8.699583333333333940e+03
8.783666666666666060e+03
8.581083333333333940e+03
8.609000000000000000e+03
8.673083333333333940e+03
8.727666666666666060e+03
8.587500000000000000e+03
8.596833333333333940e+03
8.787583333333333940e+03
8.737500000000000000e+03
8.677166666666666060e+03
8.579416666666666060e+03
8.820666666666666060e+03
8.689083333333333940e+03
8.565250000000000000e+03
8.615833333333333940e+03
8.746250000000000000e+03
8.684166666666666060e+03
8.641666666666666060e+03
8.612666666666666060e+03
8.753000000000000000e+03
8.739166666666666060e+03
8.601916666666666060e+03
8.568000000000000000e+03
8.788416666666666060e+03
8.749666666666666060e+03
8.684000000000000000e+03
8.536833333333333940e+03
8.705750000000000000e+03
8.640833333333333940e+03
8.604750000000000000e+03
8.571166666666666060e+03
8.664833333333333940e+03
8.695083333333333940e+03
8.624583333333333940e+03
8.589916666666666060e+03
8.756083333333333940e+03
8.661000000000000000e+03
8.565333333333333940e+03
8.642416666666666060e+03
8.785583333333333940e+03
8.791583333333333940e+03
8.608750000000000000e+03
8.563583333333333940e+03
8.745083333333333940e+03
8.714000000000000000e+03
8.591333333333333940e+03
8.576666666666666060e+03
8.794750000000000000e+03
8.833583333333333940e+03
8.579083333333333940e+03
8.565166666666666060e+03
8.782916666666666060e+03
8.709416666666666060e+03
8.622333333333333940e+03
8.595166666666666060e+03
8.689750000000000000e+03
8.683416666666666060e+03
8.618333333333333940e+03
8.640583333333333940e+03
8.805333333333333940e+03
8.759750000000000000e+03
8.634583333333333940e+03
8.621916666666666060e+03
8.721750000000000000e+03
8.782583333333333940e+03
8.613833333333333940e+03
8.615333333333333940e+03
8.856416666666666060e+03
8.675833333333333940e+03
8.647083333333333940e+03
8.670666666666666060e+03
8.796750000000000000e+03
8.705250000000000000e+03
8.619666666666666060e+03
8.611083333333333940e+03
8.785500000000000000e+03
8.752666666666666060e+03
8.696583333333333940e+03
8.624083333333333940e+03
8.773500000000000000e+03
8.811250000000000000e+03
8.643666666666666060e+03
8.582583333333333940e+03
8.766583333333333940e+03
8.789416666666666060e+03
8.634000000000000000e+03
8.635666666666666060e+03
8.785416666666666060e+03
8.686083333333333940e+03
8.620416666666666060e+03
8.670333333333333940e+03
8.801750000000000000e+03
8.700083333333333940e+03
8.629750000000000000e+03
8.621083333333333940e+03
8.810666666666666060e+03
8.691500000000000000e+03
8.640500000000000000e+03
8.607083333333333940e+03
8.840083333333333940e+03
8.766166666666666060e+03
8.679333333333333940e+03
8.595666666666666060e+03
8.758166666666666060e+03
8.795666666666666060e+03
8.660416666666666060e+03
8.646250000000000000e+03
8.775333333333333940e+03
8.817000000000000000e+03
8.652333333333333940e+03
8.656083333333333940e+03
8.779166666666666060e+03
8.796416666666666060e+03
8.636916666666666060e+03
8.621333333333333940e+03
8.734500000000000000e+03
8.783416666666666060e+03
8.712666666666666060e+03
8.634750000000000000e+03
8.816166666666666060e+03
8.815583333333333940e+03
8.670333333333333940e+03
8.660333333333333940e+03
8.793750000000000000e+03
8.764666666666666060e+03
8.647833333333333940e+03
8.642750000000000000e+03
8.768333333333333940e+03
8.792750000000000000e+03
8.663583333333333940e+03
8.633166666666666060e+03
8.782583333333333940e+03
8.738666666666666060e+03
8.640583333333333940e+03
8.663083333333333940e+03
8.772666666666666060e+03
8.763083333333333940e+03
8.656166666666666060e+03
8.687750000000000000e+03
8.816333333333333940e+03
8.785750000000000000e+03
8.696750000000000000e+03
8.613083333333333940e+03
8.863166666666666060e+03
8.829166666666666060e+03
8.638666666666666060e+03
8.667166666666666060e+03
8.757583333333333940e+03
8.747583333333333940e+03
8.692750000000000000e+03
8.621416666666666060e+03
8.741833333333333940e+03
8.791833333333333940e+03
8.659833333333333940e+03
8.632583333333333940e+03
8.724833333333333940e+03
8.675916666666666060e+03
8.694083333333333940e+03
8.633750000000000000e+03
8.799250000000000000e+03
8.778500000000000000e+03
8.639666666666666060e+03
8.721500000000000000e+03
8.860166666666666060e+03
8.780583333333333940e+03
8.667750000000000000e+03
8.643500000000000000e+03
8.849916666666666060e+03
8.807916666666666060e+03
8.713416666666666060e+03
8.677583333333333940e+03
8.836333333333333940e+03
8.832083333333333940e+03
8.692250000000000000e+03
8.648583333333333940e+03
8.807833333333333940e+03
8.785916666666666060e+03
8.691333333333333940e+03
8.653166666666666060e+03
8.798000000000000000e+03
8.783916666666666060e+03
8.669666666666666060e+03
8.671500000000000000e+03
8.737833333333333940e+03
8.896416666666666060e+03
8.688250000000000000e+03
8.690833333333333940e+03
8.887333333333333940e+03
8.792083333333333940e+03
8.652333333333333940e+03
8.632583333333333940e+03
8.843083333333333940e+03
8.844250000000000000e+03
8.684916666666666060e+03
8.694750000000000000e+03
8.791250000000000000e+03
8.787833333333333940e+03
8.682750000000000000e+03
8.694166666666666060e+03
8.792250000000000000e+03
8.755083333333333940e+03
8.657583333333333940e+03
8.668416666666666060e+03
8.840083333333333940e+03
8.815500000000000000e+03
8.701833333333333940e+03
8.713500000000000000e+03
8.903250000000000000e+03
8.806500000000000000e+03
8.689833333333333940e+03
8.804500000000000000e+03
8.892083333333333940e+03
8.910250000000000000e+03
8.789000000000000000e+03
8.659083333333333940e+03
8.783833333333333940e+03
8.785250000000000000e+03
8.640833333333333940e+03
8.703166666666666060e+03
8.933666666666666060e+03
8.828833333333333940e+03
8.687083333333333940e+03
8.727000000000000000e+03
8.873916666666666060e+03
8.812500000000000000e+03
8.767583333333333940e+03
8.675916666666666060e+03
8.909416666666666060e+03
8.818500000000000000e+03
8.744833333333333940e+03
8.685416666666666060e+03
8.936083333333333940e+03
8.952000000000000000e+03
8.672166666666666060e+03
8.771500000000000000e+03
8.826250000000000000e+03
8.768666666666666060e+03
8.670500000000000000e+03
8.678833333333333940e+03
8.787583333333333940e+03
8.771000000000000000e+03
8.765833333333333940e+03
8.767166666666666060e+03
8.979166666666666060e+03
8.833583333333333940e+03
8.708666666666666060e+03
8.742166666666666060e+03
8.796333333333333940e+03
8.934666666666666060e+03
8.699583333333333940e+03
8.711666666666666060e+03
8.919916666666666060e+03
8.904000000000000000e+03
8.745666666666666060e+03
8.716166666666666060e+03
8.884083333333333940e+03
8.901166666666666060e+03
8.795416666666666060e+03
8.711166666666666060e+03
8.871333333333333940e+03
8.899000000000000000e+03
8.770666666666666060e+03
8.742666666666666060e+03
8.815583333333333940e+03
9.051416666666666060e+03
8.749500000000000000e+03
8.779583333333333940e+03
8.954250000000000000e+03
8.897583333333333940e+03
8.788416666666666060e+03
8.736333333333333940e+03
9.018833333333333940e+03
8.849666666666666060e+03
8.790083333333333940e+03
8.741083333333333940e+03
8.870166666666666060e+03
8.833666666666666060e+03
8.797250000000000000e+03
8.846500000000000000e+03
8.993083333333333940e+03
8.993333333333333940e+03
8.740583333333333940e+03
8.796750000000000000e+03
8.985000000000000000e+03
8.932166666666666060e+03
8.788416666666666060e+03
8.770583333333333940e+03
8.976333333333333940e+03
8.892583333333333940e+03
8.794416666666666060e+03
8.786000000000000000e+03
8.990583333333333940e+03
8.883250000000000000e+03
8.858750000000000000e+03
8.793916666666666060e+03
8.973000000000000000e+03
9.001250000000000000e+03
8.826750000000000000e+03
8.826083333333333940e+03
8.971250000000000000e+03
9.024416666666666060e+03
8.858500000000000000e+03
8.887000000000000000e+03
9.021833333333333940e+03
8.936666666666666060e+03
8.792500000000000000e+03
8.810916666666666060e+03
8.968583333333333940e+03
9.037916666666666060e+03
8.880916666666666060e+03
8.857666666666666060e+03
8.948416666666666060e+03
9.005333333333333940e+03
8.844666666666666060e+03
8.786333333333333940e+03
9.050250000000000000e+03
8.922666666666666060e+03
8.797916666666666060e+03
8.825000000000000000e+03
9.009166666666666060e+03
9.023666666666666060e+03
8.834833333333333940e+03
8.921083333333333940e+03
9.067250000000000000e+03
9.005916666666666060e+03
8.866916666666666060e+03
8.917583333333333940e+03
9.056166666666666060e+03
8.999416666666666060e+03
8.827750000000000000e+03
8.860083333333333940e+03
8.975083333333333940e+03
9.032416666666666060e+03
8.886583333333333940e+03
8.919500000000000000e+03
9.044416666666666060e+03
9.027166666666666060e+03
8.895500000000000000e+03
8.899583333333333940e+03
9.044000000000000000e+03
8.946250000000000000e+03
8.959583333333333940e+03
8.853916666666666060e+03
9.009333333333333940e+03
9.053250000000000000e+03
8.905166666666666060e+03
8.945833333333333940e+03
9.136166666666666060e+03
8.981666666666666060e+03
8.956500000000000000e+03
8.897833333333333940e+03
9.221333333333333940e+03
9.012583333333333940e+03
8.948083333333333940e+03
9.001500000000000000e+03
9.204750000000000000e+03
9.085416666666666060e+03
8.911916666666666060e+03
8.949083333333333940e+03
9.108666666666666060e+03
9.059666666666666060e+03
9.004250000000000000e+03
8.991750000000000000e+03
9.193333333333333940e+03
9.108583333333333940e+03
8.970666666666666060e+03
9.124916666666666060e+03
9.214666666666666060e+03
9.198750000000000000e+03
9.039833333333333940e+03
9.023250000000000000e+03
9.201500000000000000e+03
9.062083333333333940e+03
9.005833333333333940e+03
8.934750000000000000e+03
9.133333333333333940e+03
8.992666666666666060e+03
9.029833333333333940e+03
8.984666666666666060e+03
9.295083333333333940e+03
9.112250000000000000e+03
9.016500000000000000e+03
9.081500000000000000e+03
9.338000000000000000e+03
9.158666666666666060e+03
9.021000000000000000e+03
9.035333333333333940e+03
9.159000000000000000e+03
9.127416666666666060e+03
9.039500000000000000e+03
9.148500000000000000e+03
9.182750000000000000e+03
9.197000000000000000e+03
9.094416666666666060e+03
9.102250000000000000e+03
9.346000000000000000e+03
9.401166666666666060e+03
9.133833333333333940e+03
9.086500000000000000e+03
9.275166666666666060e+03
9.340083333333333940e+03
9.088666666666666060e+03
9.116250000000000000e+03
9.293250000000000000e+03
9.223500000000000000e+03
9.187333333333333940e+03
9.134250000000000000e+03
9.421333333333333940e+03
9.245166666666666060e+03
9.063500000000000000e+03
9.076916666666666060e+03
9.252166666666666060e+03
9.361250000000000000e+03
9.164750000000000000e+03
9.144916666666666060e+03
9.333750000000000000e+03
9.282083333333333940e+03
9.173916666666666060e+03
9.150250000000000000e+03
9.393583333333333940e+03
9.325000000000000000e+03
9.140333333333333940e+03
9.148166666666666060e+03
9.334250000000000000e+03
9.383666666666666060e+03
9.248833333333333940e+03
9.145250000000000000e+03
9.488416666666666060e+03
9.359416666666666060e+03
9.275250000000000000e+03
9.296750000000000000e+03
9.537750000000000000e+03
9.488416666666666060e+03
9.301833333333333940e+03
9.255916666666666060e+03
9.517000000000000000e+03
9.520083333333333940e+03
9.225166666666666060e+03
9.350166666666666060e+03
9.544166666666666060e+03
9.451416666666666060e+03
9.337500000000000000e+03
9.299250000000000000e+03
9.489416666666666060e+03
9.422750000000000000e+03
9.355166666666666060e+03
9.276833333333333940e+03
9.430833333333333940e+03
9.337500000000000000e+03
9.351833333333333940e+03
9.347833333333333940e+03
9.475166666666666060e+03
9.440916666666666060e+03
9.351000000000000000e+03
9.279750000000000000e+03
9.535666666666666060e+03
9.474916666666666060e+03
9.373500000000000000e+03
9.352333333333333940e+03
9.465916666666666060e+03
9.506750000000000000e+03
9.359333333333333940e+03
9.358833333333333940e+03
9.575916666666666060e+03
9.432916666666666060e+03
9.495750000000000000e+03
9.370583333333333940e+03
9.488500000000000000e+03
9.608500000000000000e+03
9.417916666666666060e+03
9.449166666666666060e+03
9.509166666666666060e+03
9.479000000000000000e+03
9.453666666666666060e+03
9.453333333333333940e+03
9.583583333333333940e+03
9.593833333333333940e+03
9.460583333333333940e+03
9.479333333333333940e+03
9.647166666666666060e+03
9.573583333333333940e+03
9.568916666666666060e+03
9.524416666666666060e+03
9.641500000000000000e+03
9.740333333333333940e+03
9.578666666666666060e+03
9.559833333333333940e+03
9.661583333333333940e+03
9.562333333333333940e+03
9.500000000000000000e+03
9.535500000000000000e+03
9.653500000000000000e+03
9.640083333333333940e+03
9.546416666666666060e+03
9.532583333333333940e+03
9.570833333333333940e+03
9.631500000000000000e+03
9.596333333333333940e+03
9.578583333333333940e+03
9.733416666666666060e+03
9.716250000000000000e+03
9.602750000000000000e+03
9.580750000000000000e+03
9.757416666666666060e+03
9.725583333333333940e+03
9.615666666666666060e+03
9.694166666666666060e+03
9.751833333333333940e+03
9.633666666666666060e+03
9.644416666666666060e+03
9.658833333333333940e+03
9.825750000000000000e+03
9.747166666666666060e+03
9.646416666666666060e+03
9.599583333333333940e+03
9.767166666666666060e+03
9.680333333333333940e+03
9.707916666666666060e+03
9.740583333333333940e+03
9.796250000000000000e+03
9.764916666666666060e+03
9.739833333333333940e+03
9.654500000000000000e+03
9.797666666666666060e+03
9.847666666666666060e+03
9.767166666666666060e+03
9.617250000000000000e+03
9.869666666666666060e+03
9.788666666666666060e+03
9.727833333333333940e+03
9.786583333333333940e+03
9.782916666666666060e+03
9.816750000000000000e+03
9.808916666666666060e+03
9.744416666666666060e+03
9.908583333333333940e+03
9.820916666666666060e+03
9.833666666666666060e+03
9.815750000000000000e+03
9.934916666666666060e+03
9.931750000000000000e+03
9.848083333333333940e+03
9.825750000000000000e+03
9.931750000000000000e+03
9.865500000000000000e+03
9.817416666666666060e+03
9.813250000000000000e+03
9.986750000000000000e+03
9.986916666666666060e+03
9.888500000000000000e+03
9.811916666666666060e+03
9.892083333333333940e+03
9.961833333333333940e+03
9.873916666666666060e+03
9.897000000000000000e+03
9.981833333333333940e+03
9.944916666666666060e+03
9.865666666666666060e+03
9.900166666666666060e+03
9.997916666666666060e+03
9.981083333333333940e+03
9.927500000000000000e+03
9.916750000000000000e+03
9.988750000000000000e+03
1.001458333333333394e+04
9.976500000000000000e+03
9.985000000000000000e+03
1.006050000000000000e+04
1.002666666666666606e+04
9.960083333333333940e+03
9.941500000000000000e+03
1.004225000000000000e+04
1.004391666666666606e+04
9.970416666666666060e+03
9.930250000000000000e+03
1.006216666666666606e+04
1.000033333333333394e+04
1.000641666666666606e+04
9.990166666666666060e+03
1.011325000000000000e+04
1.014650000000000000e+04
1.000708333333333394e+04
9.999083333333333940e+03
1.012716666666666606e+04
1.011358333333333394e+04
1.008675000000000000e+04
1.009783333333333394e+04
1.016716666666666606e+04
1.014416666666666606e+04
1.001483333333333394e+04
1.003550000000000000e+04
1.017408333333333394e+04
1.017166666666666606e+04
1.014116666666666606e+04
1.011025000000000000e+04
1.026866666666666606e+04
1.018741666666666606e+04
1.013800000000000000e+04
1.002158333333333394e+04
1.018675000000000000e+04
1.012250000000000000e+04
1.008283333333333394e+04
1.008300000000000000e+04
1.024958333333333394e+04
1.016108333333333394e+04
1.010625000000000000e+04
1.011358333333333394e+04
1.021266666666666606e+04
1.022783333333333394e+04
1.014875000000000000e+04
1.017891666666666606e+04
1.028891666666666606e+04
1.036566666666666606e+04
1.022116666666666606e+04
1.020616666666666606e+04
1.027825000000000000e+04
1.020000000000000000e+04
1.032983333333333394e+04
1.017283333333333394e+04
1.040266666666666606e+04
1.033933333333333394e+04
1.031183333333333394e+04
1.021708333333333394e+04
1.042416666666666606e+04
1.038291666666666606e+04
1.028850000000000000e+04
1.021758333333333394e+04
1.040633333333333394e+04
1.029916666666666606e+04
1.028975000000000000e+04
1.031533333333333394e+04
1.041700000000000000e+04
1.045591666666666606e+04
1.038150000000000000e+04
1.033150000000000000e+04
1.042783333333333394e+04
1.039200000000000000e+04
1.049458333333333394e+04
1.032666666666666606e+04
1.040458333333333394e+04
1.044825000000000000e+04
1.038450000000000000e+04
1.038550000000000000e+04
1.049333333333333394e+04
1.051408333333333394e+04
1.042016666666666606e+04
1.036383333333333394e+04
1.055966666666666606e+04
1.059750000000000000e+04
1.051950000000000000e+04
1.050100000000000000e+04
1.057233333333333394e+04
1.052091666666666606e+04
1.053141666666666606e+04
1.053216666666666606e+04
1.065750000000000000e+04
1.056416666666666606e+04
1.059808333333333394e+04
1.056016666666666606e+04
1.067083333333333394e+04
1.069341666666666606e+04
1.058041666666666606e+04
1.060991666666666606e+04
1.072191666666666606e+04
1.073083333333333394e+04
1.057433333333333394e+04
1.063116666666666606e+04
1.072683333333333394e+04
1.065550000000000000e+04
1.062416666666666606e+04
1.074541666666666606e+04
1.084416666666666606e+04
1.091491666666666606e+04
1.075291666666666606e+04
1.060533333333333394e+04
1.081233333333333394e+04
1.085483333333333394e+04
1.080025000000000000e+04
1.073775000000000000e+04
1.086066666666666606e+04
1.093025000000000000e+04
1.077350000000000000e+04
1.086525000000000000e+04
1.109208333333333394e+04
1.108558333333333394e+04
1.076433333333333394e+04
1.078116666666666606e+04
1.090041666666666606e+04
1.104275000000000000e+04
1.101700000000000000e+04
1.102516666666666606e+04
1.110541666666666606e+04
1.101658333333333394e+04
1.105958333333333394e+04
1.105916666666666606e+04
1.122275000000000000e+04
1.122941666666666606e+04
1.101616666666666606e+04
1.092016666666666606e+04
1.123675000000000000e+04
1.139466666666666606e+04
1.107108333333333394e+04
1.117816666666666606e+04
1.135683333333333394e+04
1.130900000000000000e+04
1.116350000000000000e+04
1.128175000000000000e+04
1.150383333333333394e+04
1.134983333333333394e+04
1.126466666666666606e+04
1.131450000000000000e+04
1.151941666666666606e+04
1.147116666666666606e+04
1.144458333333333394e+04
1.147583333333333394e+04
1.153850000000000000e+04
1.150491666666666606e+04
1.155191666666666606e+04
1.146958333333333394e+04
1.158725000000000000e+04
1.149391666666666606e+04
1.161600000000000000e+04
1.162766666666666606e+04
1.167066666666666606e+04
1.164141666666666606e+04
1.156683333333333394e+04
1.161325000000000000e+04
1.170900000000000000e+04
1.180091666666666606e+04
1.181341666666666606e+04
1.166558333333333394e+04
1.184308333333333394e+04
1.199158333333333394e+04
1.187091666666666606e+04
1.173150000000000000e+04
1.200575000000000000e+04
1.196708333333333394e+04
1.192841666666666606e+04
1.193683333333333394e+04
1.202816666666666606e+04
1.196991666666666606e+04
1.205491666666666606e+04
1.195741666666666606e+04
1.211916666666666606e+04
1.213358333333333394e+04
1.215866666666666606e+04
1.205116666666666606e+04
1.210700000000000000e+04
1.219408333333333394e+04
1.228108333333333394e+04
1.218483333333333394e+04
1.222933333333333394e+04
1.235091666666666606e+04
1.229083333333333394e+04
1.230066666666666606e+04
1.248933333333333394e+04
1.238225000000000000e+04
1.238591666666666606e+04
1.236450000000000000e+04
1.256300000000000000e+04
1.264908333333333394e+04
1.250641666666666606e+04
1.269025000000000000e+04
1.261625000000000000e+04
1.261875000000000000e+04
1.257391666666666606e+04
1.270866666666666606e+04
1.289758333333333394e+04
1.285200000000000000e+04
1.286533333333333394e+04
1.284183333333333394e+04
1.295366666666666606e+04
1.304183333333333394e+04
1.291441666666666606e+04
1.290216666666666606e+04
1.328750000000000000e+04
1.333675000000000000e+04
1.297658333333333394e+04
1.321766666666666606e+04
1.326425000000000000e+04
1.335200000000000000e+04
1.339058333333333394e+04
1.330891666666666606e+04
1.348558333333333394e+04
1.343850000000000000e+04
1.349016666666666606e+04
1.349116666666666606e+04
1.368733333333333394e+04
1.353875000000000000e+04
1.367266666666666606e+04
1.361575000000000000e+04
1.384283333333333394e+04
1.388458333333333394e+04
1.381625000000000000e+04
1.382575000000000000e+04
1.396258333333333394e+04
1.390133333333333394e+04
1.390083333333333394e+04
1.392583333333333394e+04
1.400583333333333394e+04
1.411291666666666606e+04
1.421816666666666606e+04
1.395758333333333394e+04
1.411975000000000000e+04
1.403841666666666606e+04
1.412233333333333394e+04
1.409358333333333394e+04
1.429750000000000000e+04
1.417175000000000000e+04
1.433200000000000000e+04
1.439183333333333394e+04
1.448791666666666606e+04
1.459191666666666606e+04
1.443000000000000000e+04
1.450408333333333394e+04
1.453075000000000000e+04
1.459400000000000000e+04
1.467958333333333394e+04
1.476925000000000000e+04
1.478733333333333394e+04
1.484066666666666606e+04
1.486458333333333394e+04
1.489233333333333394e+04
1.519675000000000000e+04
1.503141666666666606e+04
1.496191666666666606e+04
1.501133333333333394e+04
1.510475000000000000e+04
1.532658333333333394e+04
1.534666666666666606e+04
1.523641666666666606e+04
1.538025000000000000e+04
1.562566666666666606e+04
1.555283333333333394e+04
1.555825000000000000e+04
1.562200000000000000e+04
1.575233333333333394e+04
1.565058333333333394e+04
1.555725000000000000e+04
1.575841666666666606e+04
1.576875000000000000e+04
1.578058333333333394e+04
1.583633333333333394e+04
1.606516666666666606e+04
1.595941666666666606e+04
1.590950000000000000e+04
1.599666666666666606e+04
1.618583333333333394e+04
1.612575000000000000e+04
1.619600000000000000e+04
1.606616666666666606e+04
1.616683333333333394e+04
1.626408333333333394e+04
1.627283333333333394e+04
1.631608333333333394e+04
1.638850000000000000e+04
1.638758333333333212e+04
1.643025000000000000e+04
1.656375000000000000e+04
1.667550000000000000e+04
1.667016666666666788e+04
1.650916666666666788e+04
1.663541666666666788e+04
1.681725000000000000e+04
1.687000000000000000e+04
1.700816666666666788e+04
1.696508333333333212e+04
1.706758333333333212e+04
1.692333333333333212e+04
1.713783333333333212e+04
1.712441666666666788e+04
1.736650000000000000e+04
1.728291666666666788e+04
1.721283333333333212e+04
1.738375000000000000e+04
1.760983333333333212e+04
1.745800000000000000e+04
1.750058333333333212e+04
1.735741666666666788e+04
1.774691666666666788e+04
1.783966666666666788e+04
1.771225000000000000e+04
1.765666666666666788e+04
1.797241666666666788e+04
1.798808333333333212e+04
1.800925000000000000e+04
1.796816666666666788e+04
1.814766666666666788e+04
1.808933333333333212e+04
1.801200000000000000e+04
1.805183333333333212e+04
1.820858333333333212e+04
1.828175000000000000e+04
1.823841666666666788e+04
1.812966666666666788e+04
1.834458333333333212e+04
1.847491666666666788e+04
1.848941666666666788e+04
1.854775000000000000e+04
1.875200000000000000e+04
1.865958333333333212e+04
1.857750000000000000e+04
1.858133333333333212e+04
1.874850000000000000e+04
1.901191666666666788e+04
1.881533333333333212e+04
1.871225000000000000e+04
1.909066666666666788e+04
1.905733333333333212e+04
1.896091666666666788e+04
1.904566666666666788e+04
1.935558333333333212e+04
1.916966666666666788e+04
1.919291666666666788e+04
1.941916666666666788e+04
1.950241666666666788e+04
1.953433333333333212e+04
1.955333333333333212e+04
1.958275000000000000e+04
1.984041666666666788e+04
1.974383333333333212e+04
1.980683333333333212e+04
1.970200000000000000e+04
1.982133333333333212e+04
1.988708333333333212e+04
2.001908333333333212e+04
2.003108333333333212e+04
2.020083333333333212e+04
2.015458333333333212e+04
2.018683333333333212e+04
2.019108333333333212e+04
2.046500000000000000e+04
2.040383333333333212e+04
2.032900000000000000e+04
2.030425000000000000e+04
2.048666666666666788e+04
2.044925000000000000e+04
2.043600000000000000e+04
2.045875000000000000e+04
2.067908333333333212e+04
2.060033333333333212e+04
2.062566666666666788e+04
2.066741666666666788e+04
2.080533333333333212e+04
2.108058333333333212e+04
2.091325000000000000e+04
2.083816666666666788e+04
2.120925000000000000e+04
2.117333333333333212e+04
2.117608333333333212e+04
2.120483333333333212e+04
2.143791666666666788e+04
2.142658333333333212e+04
2.132858333333333212e+04
2.119491666666666788e+04
2.151041666666666788e+04
2.150033333333333212e+04
2.156891666666666788e+04
2.174400000000000000e+04
2.187000000000000000e+04
2.181608333333333212e+04
2.202216666666666788e+04
2.194041666666666788e+04
2.206466666666666788e+04
2.201258333333333212e+04
2.204616666666666788e+04
2.186866666666666788e+04
2.211941666666666788e+04
2.227475000000000000e+04
2.202216666666666788e+04
2.222941666666666788e+04
2.241925000000000000e+04
2.237041666666666788e+04
2.251983333333333212e+04
2.237100000000000000e+04
2.269400000000000000e+04
2.258550000000000000e+04
2.274491666666666788e+04
2.262116666666666788e+04
2.278125000000000000e+04
2.285275000000000000e+04
2.285050000000000000e+04
2.274933333333333212e+04
2.329675000000000000e+04
2.302508333333333212e+04
2.305325000000000000e+04
2.295200000000000000e+04
2.328333333333333212e+04
2.357258333333333212e+04
2.341650000000000000e+04
2.327966666666666788e+04
2.386441666666666788e+04
2.358025000000000000e+04
2.344683333333333212e+04
2.379366666666666788e+04
2.327308333333333212e+04
2.368208333333333212e+04
2.380458333333333212e+04
2.373016666666666788e+04
2.377891666666666788e+04
2.397650000000000000e+04
2.393300000000000000e+04
2.369800000000000000e+04
2.413116666666666788e+04
2.419366666666666788e+04
2.409075000000000000e+04
2.398925000000000000e+04
2.413050000000000000e+04
2.423333333333333212e+04
2.431716666666666788e+04
2.424550000000000000e+04
2.456958333333333212e+04
2.436708333333333212e+04
2.447816666666666788e+04
2.440016666666666788e+04
2.448191666666666788e+04
2.479283333333333212e+04
2.459150000000000000e+04
2.439091666666666788e+04
2.474058333333333212e+04
2.480800000000000000e+04
2.464858333333333212e+04
2.466050000000000000e+04
2.488275000000000000e+04
2.481875000000000000e+04
2.469925000000000000e+04
2.474333333333333212e+04
2.517083333333333212e+04
2.507700000000000000e+04
2.514375000000000000e+04
2.512041666666666788e+04
2.520875000000000000e+04
2.535583333333333212e+04
2.518025000000000000e+04
2.543875000000000000e+04
2.553616666666666788e+04
2.555475000000000000e+04
2.550775000000000000e+04
2.536233333333333212e+04
2.550975000000000000e+04
2.565075000000000000e+04
2.560416666666666788e+04
2.577041666666666788e+04
2.589858333333333212e+04
2.596300000000000000e+04
2.583750000000000000e+04
2.591941666666666788e+04
2.597575000000000000e+04
2.575058333333333212e+04
2.609491666666666788e+04
2.597333333333333212e+04
2.596091666666666788e+04
2.601750000000000000e+04
2.610158333333333212e+04
2.580766666666666788e+04
2.618016666666666788e+04
2.639591666666666788e+04
2.615041666666666788e+04
2.631966666666666788e+04
2.625741666666666788e+04
2.646858333333333212e+04
2.643141666666666788e+04
2.626425000000000000e+04
2.627741666666666788e+04
2.633983333333333212e+04
2.642158333333333212e+04
2.631983333333333212e+04
2.630616666666666788e+04
2.647633333333333212e+04
2.628666666666666788e+04
2.638408333333333212e+04
2.668325000000000000e+04
2.685541666666666788e+04
2.684708333333333212e+04
2.683666666666666788e+04
2.713141666666666788e+04
2.697400000000000000e+04
2.697266666666666788e+04
2.682108333333333212e+04
2.706933333333333212e+04
2.693275000000000000e+04
2.695116666666666788e+04
2.706941666666666788e+04
2.731891666666666788e+04
2.740091666666666788e+04
2.704875000000000000e+04
2.712991666666666788e+04
2.719241666666666788e+04
2.718916666666666788e+04
2.699233333333333212e+04
2.739233333333333212e+04
2.735666666666666788e+04
2.741141666666666788e+04
2.718250000000000000e+04
2.717908333333333212e+04
2.755883333333333212e+04
2.785041666666666788e+04
2.770566666666666788e+04
2.775141666666666788e+04
2.762250000000000000e+04
2.775216666666666788e+04
2.767883333333333212e+04
2.774808333333333212e+04
2.785383333333333212e+04
2.763625000000000000e+04
2.754875000000000000e+04
2.736658333333333212e+04
2.769366666666666788e+04
2.767808333333333212e+04
2.778900000000000000e+04
2.784816666666666788e+04
2.784825000000000000e+04
2.799491666666666788e+04
2.800658333333333212e+04
2.803741666666666788e+04
2.824050000000000000e+04
2.813458333333333212e+04
2.811608333333333212e+04
2.829850000000000000e+04
2.834216666666666788e+04
2.810233333333333212e+04
2.821358333333333212e+04
2.817483333333333212e+04
2.833458333333333212e+04
2.828283333333333212e+04
2.834916666666666788e+04
2.829850000000000000e+04
2.843700000000000000e+04
2.842225000000000000e+04
2.831725000000000000e+04
2.843725000000000000e+04
2.845908333333333212e+04
2.843933333333333212e+04
2.845258333333333212e+04
2.849458333333333212e+04
2.848025000000000000e+04
2.854841666666666788e+04
2.842808333333333212e+04
2.832033333333333212e+04
2.857983333333333212e+04
2.857333333333333212e+04
2.856133333333333212e+04
2.860041666666666788e+04
2.871091666666666788e+04
2.865925000000000000e+04
2.867875000000000000e+04
2.873258333333333212e+04
2.884258333333333212e+04
2.880708333333333212e+04
2.867116666666666788e+04
2.878308333333333212e+04
2.883900000000000000e+04
2.888958333333333212e+04
2.877833333333333212e+04
2.895875000000000000e+04
2.895558333333333212e+04
2.891375000000000000e+04
2.876958333333333212e+04
2.892091666666666788e+04
2.897533333333333212e+04
2.889725000000000000e+04
2.886366666666666788e+04
2.892858333333333212e+04
2.887008333333333212e+04
2.911608333333333212e+04
2.909908333333333212e+04
2.903825000000000000e+04
2.907333333333333212e+04
2.917558333333333212e+04
2.899166666666666788e+04
2.915866666666666788e+04
2.921116666666666788e+04
2.908091666666666788e+04
2.895333333333333212e+04
2.911625000000000000e+04
2.907008333333333212e+04
2.944250000000000000e+04
2.915716666666666788e+04
2.961200000000000000e+04
2.913541666666666788e+04
2.937458333333333212e+04
2.924508333333333212e+04
2.928533333333333212e+04
2.915000000000000000e+04
2.940558333333333212e+04
2.912558333333333212e+04
2.941125000000000000e+04
2.935416666666666788e+04
2.938525000000000000e+04
2.945133333333333212e+04
2.931025000000000000e+04
2.944166666666666788e+04
2.935483333333333212e+04
2.945233333333333212e+04
2.945683333333333212e+04
2.952791666666666788e+04
2.955241666666666788e+04
2.948266666666666788e+04
2.944683333333333212e+04
2.942891666666666788e+04
2.948266666666666788e+04
2.944941666666666788e+04
2.951108333333333212e+04
2.957250000000000000e+04
2.961566666666666788e+04
2.935683333333333212e+04
2.954325000000000000e+04
2.946150000000000000e+04
2.947658333333333212e+04
2.938066666666666788e+04
2.954016666666666788e+04
2.941866666666666788e+04
2.958141666666666788e+04
2.952925000000000000e+04
2.950341666666666788e+04
2.945900000000000000e+04
2.940633333333333212e+04
2.933983333333333212e+04
2.945791666666666788e+04
2.949083333333333212e+04
2.962550000000000000e+04
2.963700000000000000e+04
2.962500000000000000e+04
2.969633333333333212e+04
2.967675000000000000e+04
2.960825000000000000e+04
2.962100000000000000e+04
2.953700000000000000e+04
2.944391666666666788e+04
2.952891666666666788e+04
2.958158333333333212e+04
2.966391666666666788e+04
2.960516666666666788e+04
2.967891666666666788e+04
2.947650000000000000e+04
2.948866666666666788e+04
2.960933333333333212e+04
2.938408333333333212e+04
2.949525000000000000e+04
2.948241666666666788e+04
2.957275000000000000e+04
2.964700000000000000e+04
2.962608333333333212e+04
2.968283333333333212e+04
2.951333333333333212e+04
2.949133333333333212e+04
2.943808333333333212e+04
2.948533333333333212e+04
2.962325000000000000e+04
2.950200000000000000e+04
2.946158333333333212e+04
2.946400000000000000e+04
2.942266666666666788e+04
2.944266666666666788e+04
2.937808333333333212e+04
2.950516666666666788e+04
2.936116666666666788e+04
2.932341666666666788e+04
2.938250000000000000e+04
2.944925000000000000e+04
2.947583333333333212e+04
2.942225000000000000e+04
2.937391666666666788e+04
2.936825000000000000e+04
2.939075000000000000e+04
2.930083333333333212e+04
2.934375000000000000e+04
2.940641666666666788e+04
2.922608333333333212e+04
2.922883333333333212e+04
2.910400000000000000e+04
2.928158333333333212e+04
2.919675000000000000e+04
2.926650000000000000e+04
2.918900000000000000e+04
2.913000000000000000e+04
2.925458333333333212e+04
2.917908333333333212e+04
2.909316666666666788e+04
2.913358333333333212e+04
2.912750000000000000e+04
2.922266666666666788e+04
2.911450000000000000e+04
2.906916666666666788e+04
2.914958333333333212e+04
2.903358333333333212e+04
2.908900000000000000e+04
2.901175000000000000e+04
2.891916666666666788e+04
2.896675000000000000e+04
2.888983333333333212e+04
2.898816666666666788e+04
2.899666666666666788e+04
2.885025000000000000e+04
2.895975000000000000e+04
2.886083333333333212e+04
2.900050000000000000e+04
2.885516666666666788e+04
2.886175000000000000e+04
2.870158333333333212e+04
2.871108333333333212e+04
2.870991666666666788e+04
2.869550000000000000e+04
2.885158333333333212e+04
2.878775000000000000e+04
2.877141666666666788e+04
2.862966666666666788e+04
2.875516666666666788e+04
2.862275000000000000e+04
2.875816666666666788e+04
2.861533333333333212e+04
2.871316666666666788e+04
2.859025000000000000e+04
2.849308333333333212e+04
2.845491666666666788e+04
2.860008333333333212e+04
2.848908333333333212e+04
2.852791666666666788e+04
2.837075000000000000e+04
2.844050000000000000e+04
2.840758333333333212e+04
2.848191666666666788e+04
2.820925000000000000e+04
2.832608333333333212e+04
2.827208333333333212e+04
2.826466666666666788e+04
2.829750000000000000e+04
2.843766666666666788e+04
2.803000000000000000e+04
2.828300000000000000e+04
2.796183333333333212e+04
2.822291666666666788e+04
2.804066666666666788e+04
2.829933333333333212e+04
2.789133333333333212e+04
2.805258333333333212e+04
2.800533333333333212e+04
2.792475000000000000e+04
2.791083333333333212e+04
2.788175000000000000e+04
2.783116666666666788e+04
2.796908333333333212e+04
2.804333333333333212e+04
2.784791666666666788e+04
2.791408333333333212e+04
2.789550000000000000e+04
2.765783333333333212e+04
2.793591666666666788e+04
2.778566666666666788e+04
2.763916666666666788e+04
2.767916666666666788e+04
2.771158333333333212e+04
2.759366666666666788e+04
2.754166666666666788e+04
2.766450000000000000e+04
2.732783333333333212e+04
2.738300000000000000e+04
2.739600000000000000e+04
2.736791666666666788e+04
2.722791666666666788e+04
2.733741666666666788e+04
2.736250000000000000e+04
2.720408333333333212e+04
2.715158333333333212e+04
2.740991666666666788e+04
2.719950000000000000e+04
2.700591666666666788e+04
2.727200000000000000e+04
2.697250000000000000e+04
2.711625000000000000e+04
2.679333333333333212e+04
2.692083333333333212e+04
2.682700000000000000e+04
2.681433333333333212e+04
2.673766666666666788e+04
2.701700000000000000e+04
2.691600000000000000e+04
2.659600000000000000e+04
2.650708333333333212e+04
2.670008333333333212e+04
2.684775000000000000e+04
2.661050000000000000e+04
2.641866666666666788e+04
2.652083333333333212e+04
2.648525000000000000e+04
2.659466666666666788e+04
2.663058333333333212e+04
2.644383333333333212e+04
2.631800000000000000e+04
2.640300000000000000e+04
2.617250000000000000e+04
2.618641666666666788e+04
2.604800000000000000e+04
2.595425000000000000e+04
2.596350000000000000e+04
2.614233333333333212e+04
2.581300000000000000e+04
2.596291666666666788e+04
2.595341666666666788e+04
2.600050000000000000e+04
2.589383333333333212e+04
2.579266666666666788e+04
2.583416666666666788e+04
2.584458333333333212e+04
2.581258333333333212e+04
2.591391666666666788e+04
2.562941666666666788e+04
2.573350000000000000e+04
2.582766666666666788e+04
2.545950000000000000e+04
2.527858333333333212e+04
2.543425000000000000e+04
2.559133333333333212e+04
2.534191666666666788e+04
2.502341666666666788e+04
2.543016666666666788e+04
2.527675000000000000e+04
2.518833333333333212e+04
2.536675000000000000e+04
2.511250000000000000e+04
2.503641666666666788e+04
2.521383333333333212e+04
2.482525000000000000e+04
2.496866666666666788e+04
2.509000000000000000e+04
2.480108333333333212e+04
2.468125000000000000e+04
2.476600000000000000e+04
2.484266666666666788e+04
2.445633333333333212e+04
2.454416666666666788e+04
2.464383333333333212e+04
2.459833333333333212e+04
2.459266666666666788e+04
2.444075000000000000e+04
2.441000000000000000e+04
2.444350000000000000e+04
2.425458333333333212e+04
2.428858333333333212e+04
2.425466666666666788e+04
2.421900000000000000e+04
2.421058333333333212e+04
2.426641666666666788e+04
2.410883333333333212e+04
2.388341666666666788e+04
2.416533333333333212e+04
2.396791666666666788e+04
2.411041666666666788e+04
2.384658333333333212e+04
2.397725000000000000e+04
2.378941666666666788e+04
2.393250000000000000e+04
2.373441666666666788e+04
2.367941666666666788e+04
2.384516666666666788e+04
2.372075000000000000e+04
2.379283333333333212e+04
2.329308333333333212e+04
2.342825000000000000e+04
2.347058333333333212e+04
2.352325000000000000e+04
2.337141666666666788e+04
2.321450000000000000e+04
2.338650000000000000e+04
2.324191666666666788e+04
2.323058333333333212e+04
2.305225000000000000e+04
2.315183333333333212e+04
2.306808333333333212e+04
2.315383333333333212e+04
2.301366666666666788e+04
2.292016666666666788e+04
2.278850000000000000e+04
2.281016666666666788e+04
2.267758333333333212e+04
2.272200000000000000e+04
2.273225000000000000e+04
2.258275000000000000e+04
2.254016666666666788e+04
2.271000000000000000e+04
2.261675000000000000e+04
2.238208333333333212e+04
2.229850000000000000e+04
2.261558333333333212e+04
2.235900000000000000e+04
2.208700000000000000e+04
2.219683333333333212e+04
2.233616666666666788e+04
2.210591666666666788e+04
2.190308333333333212e+04
2.205475000000000000e+04
2.209075000000000000e+04
2.220650000000000000e+04
2.190083333333333212e+04
2.187516666666666788e+04
2.196416666666666788e+04
2.186050000000000000e+04
2.165508333333333212e+04
2.170050000000000000e+04
2.178541666666666788e+04
2.160625000000000000e+04
2.163625000000000000e+04
2.154391666666666788e+04
2.140566666666666788e+04
2.152150000000000000e+04
2.119641666666666788e+04
2.118191666666666788e+04
2.106616666666666788e+04
2.100316666666666788e+04
2.071425000000000000e+04
2.060075000000000000e+04
2.068616666666666788e+04
2.078666666666666788e+04
2.066258333333333212e+04
2.084491666666666788e+04
2.097816666666666788e+04
2.081116666666666788e+04
2.074825000000000000e+04
2.100608333333333212e+04
2.080025000000000000e+04
2.074991666666666788e+04
2.055658333333333212e+04
2.053558333333333212e+04
2.066291666666666788e+04
2.057300000000000000e+04
2.047750000000000000e+04
2.038966666666666788e+04
2.046308333333333212e+04
2.026691666666666788e+04
2.021891666666666788e+04
2.010950000000000000e+04
2.023183333333333212e+04
2.015058333333333212e+04
2.023091666666666788e+04
2.013383333333333212e+04
2.009450000000000000e+04
1.992008333333333212e+04
2.000433333333333212e+04
1.989775000000000000e+04
1.991366666666666788e+04
1.965741666666666788e+04
1.975591666666666788e+04
1.970750000000000000e+04
1.968450000000000000e+04
1.949166666666666788e+04
1.959808333333333212e+04
1.964325000000000000e+04
1.954258333333333212e+04
1.952108333333333212e+04
1.931358333333333212e+04
1.941166666666666788e+04
1.961350000000000000e+04
1.913275000000000000e+04
1.905283333333333212e+04
1.924841666666666788e+04
1.922333333333333212e+04
1.894475000000000000e+04
1.903333333333333212e+04
1.880883333333333212e+04
1.884133333333333212e+04
1.891341666666666788e+04
1.870008333333333212e+04
1.878125000000000000e+04
1.891975000000000000e+04
1.880733333333333212e+04
1.856641666666666788e+04
1.848391666666666788e+04
1.839033333333333212e+04
1.851741666666666788e+04
1.838008333333333212e+04
1.818241666666666788e+04
1.828850000000000000e+04
1.811625000000000000e+04
1.812750000000000000e+04
1.813816666666666788e+04
1.821108333333333212e+04
1.818566666666666788e+04
1.807583333333333212e+04
1.808050000000000000e+04
1.812875000000000000e+04
1.815841666666666788e+04
1.789183333333333212e+04
1.788616666666666788e+04
1.794091666666666788e+04
1.792683333333333212e+04
1.762141666666666788e+04
1.771658333333333212e+04
1.762800000000000000e+04
1.788425000000000000e+04
1.761400000000000000e+04
1.751108333333333212e+04
1.766608333333333212e+04
1.741133333333333212e+04
1.754875000000000000e+04
1.748316666666666788e+04
1.760483333333333212e+04
1.736441666666666788e+04
1.720225000000000000e+04
1.727933333333333212e+04
1.708450000000000000e+04
1.725191666666666788e+04
1.723633333333333212e+04
1.691116666666666788e+04
1.697066666666666788e+04
1.702466666666666788e+04
1.684691666666666788e+04
1.676733333333333212e+04
1.682841666666666788e+04
1.679266666666666788e+04
1.664966666666666788e+04
1.656791666666666788e+04
1.688175000000000000e+04
1.657216666666666788e+04
1.647566666666666788e+04
1.643383333333333212e+04
1.652391666666666788e+04
1.647358333333333212e+04
1.625041666666666606e+04
1.635908333333333394e+04
1.650775000000000000e+04
1.649800000000000000e+04
1.628258333333333394e+04
1.617141666666666606e+04
1.629441666666666606e+04
1.606683333333333394e+04
1.606900000000000000e+04
1.607550000000000000e+04
1.618233333333333394e+04
1.603575000000000000e+04
1.604591666666666606e+04
1.579316666666666606e+04
1.581991666666666606e+04
1.598341666666666606e+04
1.593033333333333394e+04
1.579850000000000000e+04
1.567616666666666606e+04
1.579083333333333394e+04
1.582025000000000000e+04
1.573333333333333394e+04
1.579158333333333394e+04
1.569300000000000000e+04
1.565908333333333394e+04
1.554275000000000000e+04
1.557883333333333394e+04
1.564125000000000000e+04
1.567641666666666606e+04
1.529791666666666606e+04
1.536475000000000000e+04
1.547391666666666606e+04
1.537091666666666606e+04
1.519975000000000000e+04
1.520775000000000000e+04
1.536641666666666606e+04
1.520850000000000000e+04
1.498750000000000000e+04
1.514300000000000000e+04
1.514866666666666606e+04
1.503216666666666606e+04
1.483491666666666606e+04
1.490625000000000000e+04
1.488933333333333394e+04
1.486008333333333394e+04
1.459950000000000000e+04
1.478091666666666606e+04
1.472550000000000000e+04
1.464525000000000000e+04
1.458383333333333394e+04
1.478766666666666606e+04
1.452250000000000000e+04
1.449000000000000000e+04
1.450816666666666606e+04
1.449750000000000000e+04
1.440866666666666606e+04
1.433216666666666606e+04
1.431558333333333394e+04
1.438291666666666606e+04
1.432108333333333394e+04
1.415200000000000000e+04
1.422783333333333394e+04
1.425375000000000000e+04
1.412783333333333394e+04
1.411283333333333394e+04
1.401791666666666606e+04
1.421491666666666606e+04
1.415100000000000000e+04
1.406575000000000000e+04
1.399000000000000000e+04
1.399183333333333394e+04
1.401091666666666606e+04
1.394716666666666606e+04
1.381950000000000000e+04
1.399325000000000000e+04
1.393266666666666606e+04
1.381408333333333394e+04
1.368300000000000000e+04
1.381691666666666606e+04
1.384733333333333394e+04
1.367633333333333394e+04
1.348308333333333394e+04
1.359625000000000000e+04
1.356916666666666606e+04
1.359075000000000000e+04
1.353450000000000000e+04
1.366608333333333394e+04
1.352733333333333394e+04
1.332033333333333394e+04
1.325141666666666606e+04
1.345308333333333394e+04
1.337858333333333394e+04
1.327716666666666606e+04
1.318033333333333394e+04
1.314741666666666606e+04
1.318783333333333394e+04
1.321975000000000000e+04
1.289816666666666606e+04
1.317566666666666606e+04
1.297758333333333394e+04
1.292741666666666606e+04
1.286341666666666606e+04
1.311308333333333394e+04
1.299166666666666606e+04
1.281841666666666606e+04
1.274250000000000000e+04
1.283466666666666606e+04
1.271966666666666606e+04
1.255783333333333394e+04
1.255783333333333394e+04
1.267416666666666606e+04
1.273041666666666606e+04
1.268408333333333394e+04
1.247733333333333394e+04
1.264291666666666606e+04
1.246125000000000000e+04
1.244125000000000000e+04
1.236083333333333394e+04
1.252741666666666606e+04
1.238816666666666606e+04
1.231975000000000000e+04
1.219550000000000000e+04
1.239183333333333394e+04
1.235075000000000000e+04
1.215558333333333394e+04
1.218616666666666606e+04
1.226866666666666606e+04
1.210608333333333394e+04
1.194150000000000000e+04
1.200616666666666606e+04
1.209016666666666606e+04
1.198308333333333394e+04
1.199241666666666606e+04
1.190691666666666606e+04
1.203600000000000000e+04
1.196275000000000000e+04
1.198100000000000000e+04
1.187575000000000000e+04
1.194725000000000000e+04
1.193158333333333394e+04
1.187208333333333394e+04
1.177016666666666606e+04
1.193516666666666606e+04
1.184683333333333394e+04
1.179291666666666606e+04
1.173741666666666606e+04
1.175708333333333394e+04
1.168116666666666606e+04
1.153958333333333394e+04
1.156641666666666606e+04
1.151083333333333394e+04
1.161666666666666606e+04
1.153541666666666606e+04
1.147450000000000000e+04
1.162366666666666606e+04
1.162283333333333394e+04
1.147258333333333394e+04
1.129875000000000000e+04
1.159191666666666606e+04
1.151241666666666606e+04
1.143091666666666606e+04
1.135983333333333394e+04
1.132325000000000000e+04
1.141508333333333394e+04
1.130708333333333394e+04
1.112716666666666606e+04
1.121983333333333394e+04
1.125183333333333394e+04
1.113400000000000000e+04
1.109258333333333394e+04
1.111925000000000000e+04
1.111358333333333394e+04
1.101916666666666606e+04
1.090358333333333394e+04
1.111050000000000000e+04
1.099558333333333394e+04
1.079291666666666606e+04
1.082433333333333394e+04
1.091791666666666606e+04
1.081183333333333394e+04
1.090775000000000000e+04
1.084900000000000000e+04
1.088958333333333394e+04
1.078775000000000000e+04
1.067816666666666606e+04
1.055375000000000000e+04
1.070300000000000000e+04
1.068566666666666606e+04
1.064258333333333394e+04
1.057958333333333394e+04
1.062950000000000000e+04
1.056825000000000000e+04
1.057100000000000000e+04
1.051108333333333394e+04
1.063775000000000000e+04
1.059625000000000000e+04
1.035108333333333394e+04
1.036725000000000000e+04
1.043508333333333394e+04
1.044700000000000000e+04
1.030558333333333394e+04
1.037258333333333394e+04
1.045533333333333394e+04
1.033175000000000000e+04
1.015625000000000000e+04
1.011933333333333394e+04
1.019016666666666606e+04
1.025258333333333394e+04
1.024958333333333394e+04
1.015691666666666606e+04
1.024300000000000000e+04
1.004833333333333394e+04
1.000308333333333394e+04
1.000966666666666606e+04
1.010733333333333394e+04
1.008516666666666606e+04
9.970333333333333940e+03
9.952166666666666060e+03
1.007208333333333394e+04
1.000766666666666606e+04
9.903333333333333940e+03
9.886083333333333940e+03
1.000908333333333394e+04
9.936833333333333940e+03
9.825166666666666060e+03
9.770416666666666060e+03
9.923916666666666060e+03
9.904166666666666060e+03
9.782333333333333940e+03
9.699583333333333940e+03
9.868750000000000000e+03
9.776916666666666060e+03
9.741833333333333940e+03
9.620583333333333940e+03
9.780583333333333940e+03
9.682333333333333940e+03
9.610833333333333940e+03
9.677750000000000000e+03
9.742666666666666060e+03
9.675000000000000000e+03
9.495500000000000000e+03
9.451416666666666060e+03
9.541583333333333940e+03
9.606750000000000000e+03
9.404583333333333940e+03
9.414500000000000000e+03
9.530500000000000000e+03
9.519833333333333940e+03
9.386750000000000000e+03
9.392583333333333940e+03
9.520333333333333940e+03
9.442916666666666060e+03
9.264166666666666060e+03
9.226250000000000000e+03
9.278083333333333940e+03
9.422083333333333940e+03
9.200750000000000000e+03
9.154583333333333940e+03
9.281166666666666060e+03
9.354166666666666060e+03
9.227666666666666060e+03
9.125750000000000000e+03
9.241250000000000000e+03
9.260083333333333940e+03
8.968750000000000000e+03
9.014500000000000000e+03
9.190416666666666060e+03
9.143333333333333940e+03
8.956166666666666060e+03
8.934583333333333940e+03
9.070250000000000000e+03
9.172750000000000000e+03
8.950500000000000000e+03
8.855000000000000000e+03
9.055250000000000000e+03
9.044750000000000000e+03
8.866750000000000000e+03
8.908666666666666060e+03
8.951250000000000000e+03
8.924000000000000000e+03
8.895416666666666060e+03
8.833583333333333940e+03
8.918500000000000000e+03
8.850166666666666060e+03
8.744833333333333940e+03
8.825916666666666060e+03
8.856583333333333940e+03
8.849666666666666060e+03
8.720333333333333940e+03
8.702833333333333940e+03
8.798250000000000000e+03
8.803500000000000000e+03
8.696416666666666060e+03
8.672666666666666060e+03
8.866583333333333940e+03
8.716416666666666060e+03
8.684916666666666060e+03
8.599416666666666060e+03
8.795083333333333940e+03
8.732250000000000000e+03
8.722416666666666060e+03
8.528500000000000000e+03
8.665250000000000000e+03
8.563833333333333940e+03
8.623416666666666060e+03
8.588666666666666060e+03
8.627500000000000000e+03
8.608666666666666060e+03
8.458333333333333940e+03
8.486500000000000000e+03
8.590166666666666060e+03
8.582083333333333940e+03
8.457916666666666060e+03
8.437583333333333940e+03
8.583833333333333940e+03
8.572583333333333940e+03
8.419166666666666060e+03
8.461833333333333940e+03
8.529250000000000000e+03
8.457083333333333940e+03
8.412333333333333940e+03
8.402916666666666060e+03
8.542083333333333940e+03
8.504333333333333940e+03
8.314916666666666060e+03
8.333250000000000000e+03
8.482666666666666060e+03
8.444000000000000000e+03
8.349416666666666060e+03
8.278416666666666060e+03
8.356166666666666060e+03
8.283083333333333940e+03
8.315500000000000000e+03
8.264000000000000000e+03
8.451166666666666060e+03
8.290250000000000000e+03
8.268500000000000000e+03
8.276333333333333940e+03
8.374500000000000000e+03
8.357416666666666060e+03
8.287000000000000000e+03
8.195333333333333940e+03
8.284416666666666060e+03
8.317250000000000000e+03
8.183833333333333030e+03
8.204833333333333940e+03
8.287666666666666060e+03
8.311416666666666060e+03
8.196666666666666060e+03
8.182250000000000000e+03
8.636500000000000000e+03
8.237833333333333940e+03
8.174833333333333030e+03
8.149750000000000000e+03
8.228416666666666060e+03
8.236000000000000000e+03
8.155166666666666970e+03
8.092583333333333030e+03
8.234083333333333940e+03
8.172250000000000000e+03
8.108166666666666970e+03
8.097666666666666970e+03
8.227416666666666060e+03
8.186333333333333030e+03
8.123833333333333030e+03
8.089333333333333030e+03
8.150083333333333030e+03
8.174666666666666970e+03
8.102833333333333030e+03
8.073666666666666970e+03
8.192166666666666060e+03
8.151083333333333030e+03
8.042333333333333030e+03
8.067666666666666970e+03
8.138416666666666970e+03
8.171583333333333030e+03
8.034333333333333030e+03
8.046750000000000000e+03
8.116083333333333030e+03
8.155166666666666970e+03
8.024750000000000000e+03
8.016833333333333030e+03
8.123833333333333030e+03
8.102750000000000000e+03
7.991000000000000000e+03
7.946750000000000000e+03
8.134916666666666970e+03
8.113083333333333030e+03
7.981166666666666970e+03
7.958666666666666970e+03
8.081416666666666970e+03
8.090583333333333030e+03
7.968250000000000000e+03
7.966833333333333030e+03
8.078416666666666970e+03
8.123083333333333030e+03
8.032833333333333030e+03
7.920416666666666970e+03
8.065666666666666970e+03
8.122916666666666970e+03
7.957166666666666970e+03
7.932833333333333030e+03
7.981333333333333030e+03
8.088166666666666970e+03
7.973750000000000000e+03
7.929333333333333030e+03
8.006750000000000000e+03
8.059416666666666970e+03
7.921250000000000000e+03
7.894750000000000000e+03
7.999000000000000000e+03
7.986916666666666970e+03
7.912000000000000000e+03
7.882500000000000000e+03
7.994000000000000000e+03
8.008333333333333030e+03
7.937583333333333030e+03
7.882666666666666970e+03
8.035416666666666970e+03
8.020500000000000000e+03
7.875833333333333030e+03
7.840916666666666970e+03
7.964000000000000000e+03
7.929250000000000000e+03
7.886083333333333030e+03
7.822250000000000000e+03
8.025333333333333030e+03
7.978000000000000000e+03
7.895000000000000000e+03
7.839500000000000000e+03
7.959083333333333030e+03
7.924666666666666970e+03
7.840666666666666970e+03
7.909250000000000000e+03
7.936250000000000000e+03
7.918750000000000000e+03
7.854000000000000000e+03
7.863166666666666970e+03
8.009166666666666970e+03
8.006750000000000000e+03
7.808833333333333030e+03
7.852333333333333030e+03
7.948083333333333030e+03
7.892333333333333030e+03
7.819750000000000000e+03
7.798583333333333030e+03
7.963250000000000000e+03
7.930583333333333030e+03
7.804833333333333030e+03
7.829000000000000000e+03
7.976333333333333030e+03
7.962750000000000000e+03
7.781666666666666970e+03
7.814750000000000000e+03
7.946250000000000000e+03
7.920750000000000000e+03
7.840000000000000000e+03
7.768833333333333030e+03
7.950416666666666970e+03
8.028583333333333030e+03
7.807916666666666970e+03
7.814416666666666970e+03
7.965750000000000000e+03
7.992083333333333030e+03
7.844083333333333030e+03
7.778500000000000000e+03
7.960250000000000000e+03
7.931416666666666970e+03
7.791500000000000000e+03
7.774416666666666970e+03
7.969583333333333030e+03
7.926500000000000000e+03
7.820666666666666970e+03
7.766500000000000000e+03
7.901750000000000000e+03
7.945416666666666970e+03
7.762833333333333030e+03
7.754750000000000000e+03
7.938416666666666970e+03
7.867250000000000000e+03
7.771250000000000000e+03
7.777333333333333030e+03
8.003833333333333030e+03
8.000750000000000000e+03
7.800583333333333030e+03
7.776416666666666970e+03
7.943500000000000000e+03
7.936583333333333030e+03
7.752250000000000000e+03
7.789250000000000000e+03
7.851583333333333030e+03
7.844416666666666970e+03
7.803333333333333030e+03
7.761083333333333030e+03
7.914333333333333030e+03
7.915500000000000000e+03
7.734250000000000000e+03
7.761250000000000000e+03
7.884166666666666970e+03
7.889083333333333030e+03
7.777833333333333030e+03
7.755083333333333030e+03
7.943583333333333030e+03
7.876000000000000000e+03
7.774333333333333030e+03
7.735916666666666970e+03
7.909250000000000000e+03
7.838166666666666970e+03
7.755583333333333030e+03
7.802000000000000000e+03
7.903333333333333030e+03
7.906166666666666970e+03
7.748416666666666970e+03
7.741500000000000000e+03
7.831000000000000000e+03
7.904666666666666970e+03
7.756750000000000000e+03
7.743000000000000000e+03
7.954666666666666970e+03
7.879583333333333030e+03
7.747916666666666970e+03
7.825583333333333030e+03
7.893250000000000000e+03
7.934750000000000000e+03
7.734916666666666970e+03
7.743916666666666970e+03
7.904833333333333030e+03
7.931250000000000000e+03
7.706833333333333030e+03
7.745416666666666970e+03
7.914416666666666970e+03
7.879750000000000000e+03
7.751333333333333030e+03
7.721500000000000000e+03
7.866833333333333030e+03
7.884333333333333030e+03
7.755000000000000000e+03
7.744000000000000000e+03
7.801916666666666970e+03
7.879500000000000000e+03
7.767583333333333030e+03
7.735750000000000000e+03
7.904583333333333030e+03
7.798750000000000000e+03
7.737833333333333030e+03
7.726833333333333030e+03
7.861333333333333030e+03
7.854666666666666970e+03
7.723000000000000000e+03
7.753166666666666970e+03
7.926000000000000000e+03
7.888250000000000000e+03
7.790750000000000000e+03
7.742666666666666970e+03
7.889250000000000000e+03
7.826166666666666970e+03
7.712500000000000000e+03
7.790083333333333030e+03
7.838916666666666970e+03
7.825833333333333030e+03
7.716333333333333030e+03
7.765666666666666970e+03
7.900916666666666970e+03
7.879833333333333030e+03
7.741583333333333030e+03
7.753583333333333030e+03
7.894000000000000000e+03
7.850166666666666970e+03
7.780333333333333030e+03
7.735833333333333030e+03
7.959750000000000000e+03
7.827750000000000000e+03
7.755333333333333030e+03
7.760583333333333030e+03
7.896583333333333030e+03
7.937083333333333030e+03
7.773583333333333030e+03
7.728666666666666970e+03
7.834666666666666970e+03
7.849583333333333030e+03
7.737250000000000000e+03
7.739833333333333030e+03
7.839500000000000000e+03
7.824250000000000000e+03
7.735166666666666970e+03
7.759166666666666970e+03
7.811166666666666970e+03
7.806166666666666970e+03
7.724000000000000000e+03
7.755250000000000000e+03
7.839083333333333030e+03
7.844500000000000000e+03
7.732583333333333030e+03
7.723666666666666970e+03
7.774250000000000000e+03
7.836333333333333030e+03
7.770416666666666970e+03
7.731583333333333030e+03
7.831833333333333030e+03
7.929416666666666970e+03
7.745333333333333030e+03
7.721333333333333030e+03
7.910750000000000000e+03
7.908333333333333030e+03
7.753000000000000000e+03
7.734750000000000000e+03
7.868666666666666970e+03
7.846583333333333030e+03
7.752833333333333030e+03
7.733500000000000000e+03
7.862833333333333030e+03
7.884250000000000000e+03
7.719500000000000000e+03
7.722416666666666970e+03
7.889416666666666970e+03
7.912000000000000000e+03
7.751750000000000000e+03
7.744166666666666970e+03
7.944666666666666970e+03
7.850500000000000000e+03
7.767583333333333030e+03
7.755166666666666970e+03
7.840500000000000000e+03
7.886250000000000000e+03
7.723333333333333030e+03
7.696166666666666970e+03
7.857166666666666970e+03
7.851000000000000000e+03
7.721666666666666970e+03
7.723583333333333030e+03
7.896416666666666970e+03
7.839250000000000000e+03
7.738166666666666970e+03
7.728166666666666970e+03
7.841500000000000000e+03
7.914500000000000000e+03
7.731166666666666970e+03
7.761000000000000000e+03
7.853000000000000000e+03
7.887416666666666970e+03
7.707333333333333030e+03
7.730833333333333030e+03
7.850083333333333030e+03
7.875583333333333030e+03
7.755500000000000000e+03
7.701166666666666970e+03
7.898000000000000000e+03
7.911333333333333030e+03
7.723500000000000000e+03
7.746416666666666970e+03
7.861500000000000000e+03
7.917916666666666970e+03
7.686750000000000000e+03
7.768833333333333030e+03
7.823166666666666970e+03
7.860416666666666970e+03
7.709666666666666970e+03
7.707250000000000000e+03
7.950500000000000000e+03
7.890416666666666970e+03
7.732666666666666970e+03
7.708333333333333030e+03
7.893000000000000000e+03
7.833083333333333030e+03
7.730583333333333030e+03
7.722833333333333030e+03
7.868916666666666970e+03
7.875250000000000000e+03
7.719750000000000000e+03
7.756166666666666970e+03
7.885750000000000000e+03
7.857500000000000000e+03
7.756666666666666970e+03
7.807916666666666970e+03
7.891666666666666970e+03
7.906166666666666970e+03
7.731500000000000000e+03
7.695416666666666970e+03
7.872583333333333030e+03
7.846833333333333030e+03
7.719500000000000000e+03
7.711583333333333030e+03
7.892166666666666970e+03
7.867500000000000000e+03
7.705750000000000000e+03
7.761166666666666970e+03
7.800583333333333030e+03
7.875583333333333030e+03
7.716166666666666970e+03
7.738000000000000000e+03
7.902416666666666970e+03
7.866500000000000000e+03
7.805333333333333030e+03
7.737583333333333030e+03
7.887583333333333030e+03
7.860583333333333030e+03
7.706666666666666970e+03
7.709583333333333030e+03
7.882333333333333030e+03
7.890833333333333030e+03
7.719833333333333030e+03
7.732583333333333030e+03
7.779166666666666970e+03
7.888416666666666970e+03
7.761000000000000000e+03
8.272750000000000000e+03
7.890583333333333030e+03
7.820333333333333030e+03
7.745750000000000000e+03
7.727750000000000000e+03
7.899750000000000000e+03
7.904416666666666970e+03
7.694583333333333030e+03
7.716416666666666970e+03
7.831166666666666970e+03
7.842416666666666970e+03
7.757833333333333030e+03
7.750166666666666970e+03
7.768250000000000000e+03
7.907916666666666970e+03
7.795166666666666970e+03
7.721083333333333030e+03
7.877333333333333030e+03
7.874250000000000000e+03
7.717583333333333030e+03
7.695666666666666970e+03
7.829333333333333030e+03
7.852416666666666970e+03
7.736166666666666970e+03
7.729083333333333030e+03
7.863000000000000000e+03
7.810750000000000000e+03
7.707416666666666970e+03
7.720500000000000000e+03
7.800166666666666970e+03
7.837500000000000000e+03
7.735083333333333030e+03
7.719000000000000000e+03
7.814583333333333030e+03
7.847083333333333030e+03
7.729833333333333030e+03
7.731166666666666970e+03
7.873416666666666970e+03
7.794000000000000000e+03
7.731666666666666970e+03
7.728416666666666970e+03
7.893583333333333030e+03
7.865083333333333030e+03
7.714666666666666970e+03
7.721833333333333030e+03
7.878750000000000000e+03
7.855250000000000000e+03
7.707416666666666970e+03
7.706416666666666970e+03
7.898583333333333030e+03
7.911500000000000000e+03
7.726083333333333030e+03
7.736916666666666970e+03
7.829333333333333030e+03
7.797833333333333030e+03
7.731750000000000000e+03
7.705750000000000000e+03
7.910250000000000000e+03
7.834000000000000000e+03
7.699500000000000000e+03
7.729750000000000000e+03
7.852416666666666970e+03
7.863416666666666970e+03
7.714250000000000000e+03
7.715083333333333030e+03
7.792583333333333030e+03
7.852833333333333030e+03
7.706416666666666970e+03
7.703833333333333030e+03
7.849416666666666970e+03
7.849500000000000000e+03
7.755666666666666970e+03
7.684833333333333030e+03
7.845166666666666970e+03
7.821083333333333030e+03
7.711916666666666970e+03
7.751583333333333030e+03
7.850000000000000000e+03
7.855666666666666970e+03
7.727166666666666970e+03
7.701333333333333030e+03
7.846416666666666970e+03
7.801166666666666970e+03
7.715250000000000000e+03
7.676083333333333030e+03
7.839750000000000000e+03
7.799500000000000000e+03
7.776833333333333030e+03
7.702833333333333030e+03
7.906083333333333030e+03
7.908083333333333030e+03
7.746416666666666970e+03
7.725000000000000000e+03
7.816916666666666970e+03
7.817416666666666970e+03
7.701416666666666970e+03
7.691250000000000000e+03
7.743250000000000000e+03
7.774916666666666970e+03
7.694416666666666970e+03
7.690000000000000000e+03
7.845833333333333030e+03
7.812666666666666970e+03
7.699416666666666970e+03
7.731083333333333030e+03
7.882333333333333030e+03
7.794666666666666970e+03
7.695083333333333030e+03
7.689833333333333030e+03
7.898083333333333030e+03
7.901833333333333030e+03
7.674416666666666970e+03
7.697583333333333030e+03
7.879500000000000000e+03
7.774000000000000000e+03
7.739833333333333030e+03
7.698333333333333030e+03
7.897500000000000000e+03
7.778083333333333030e+03
7.735500000000000000e+03
7.698000000000000000e+03
7.849500000000000000e+03
7.819166666666666970e+03
7.668333333333333030e+03
7.759083333333333030e+03
7.833916666666666970e+03
7.869250000000000000e+03
7.755333333333333030e+03
7.688000000000000000e+03
7.852666666666666970e+03
7.830583333333333030e+03
7.673000000000000000e+03
7.706083333333333030e+03
7.834583333333333030e+03
7.825250000000000000e+03
7.712166666666666970e+03
7.688083333333333030e+03
7.798000000000000000e+03
7.863166666666666970e+03
7.686083333333333030e+03
7.704000000000000000e+03
7.809833333333333030e+03
7.830916666666666970e+03
7.675250000000000000e+03
7.709666666666666970e+03
7.815500000000000000e+03
7.785333333333333030e+03
7.716416666666666970e+03
7.696000000000000000e+03
7.842833333333333030e+03
7.846250000000000000e+03
7.682583333333333030e+03
7.668833333333333030e+03
7.840000000000000000e+03
7.862333333333333030e+03
7.728750000000000000e+03
7.701666666666666970e+03
7.884916666666666970e+03
7.791416666666666970e+03
7.713166666666666970e+03
7.669166666666666970e+03
7.809333333333333030e+03
7.836083333333333030e+03
7.709166666666666970e+03
7.698416666666666970e+03
7.850333333333333030e+03
7.857083333333333030e+03
7.738250000000000000e+03
7.659416666666666970e+03
7.816500000000000000e+03
7.792416666666666970e+03
7.662166666666666970e+03
7.670333333333333030e+03
7.816416666666666970e+03
7.912666666666666970e+03
7.704166666666666970e+03
7.688333333333333030e+03
7.889666666666666970e+03
7.927250000000000000e+03
7.715166666666666970e+03
7.692000000000000000e+03
7.824750000000000000e+03
7.879583333333333030e+03
7.688333333333333030e+03
7.693583333333333030e+03
7.865916666666666970e+03
7.860000000000000000e+03
7.753000000000000000e+03
7.694833333333333030e+03
7.852666666666666970e+03
7.792166666666666970e+03
7.697750000000000000e+03
7.672166666666666970e+03
7.838000000000000000e+03
7.935250000000000000e+03
7.725416666666666970e+03
7.685166666666666970e+03
7.870333333333333030e+03
7.841500000000000000e+03
7.730000000000000000e+03
7.684416666666666970e+03
7.885000000000000000e+03
7.882333333333333030e+03
7.682916666666666970e+03
7.699083333333333030e+03
7.805833333333333030e+03
7.922916666666666970e+03
7.711250000000000000e+03
7.688083333333333030e+03
7.878083333333333030e+03
7.891166666666666970e+03
7.698333333333333030e+03
7.695583333333333030e+03
7.866583333333333030e+03
7.855333333333333030e+03
7.702500000000000000e+03
7.679250000000000000e+03
7.822750000000000000e+03
7.863750000000000000e+03
7.662500000000000000e+03
7.694416666666666970e+03
7.859500000000000000e+03
7.901916666666666970e+03
7.703333333333333030e+03
7.667416666666666970e+03
7.842250000000000000e+03
7.851833333333333030e+03
7.676833333333333030e+03
7.702583333333333030e+03
7.892500000000000000e+03
7.786000000000000000e+03
7.742583333333333030e+03
7.686416666666666970e+03
7.830166666666666970e+03
7.723500000000000000e+03
7.706333333333333030e+03
7.686416666666666970e+03
7.892333333333333030e+03
7.880500000000000000e+03
7.698416666666666970e+03
7.749333333333333030e+03
7.811833333333333030e+03
7.832166666666666970e+03
7.682250000000000000e+03
7.699333333333333030e+03
7.876083333333333030e+03
7.847583333333333030e+03
7.703750000000000000e+03
7.691416666666666970e+03
7.806333333333333030e+03
7.879166666666666970e+03
7.705833333333333030e+03
7.711750000000000000e+03
7.813416666666666970e+03
7.834000000000000000e+03
7.696166666666666970e+03
7.691500000000000000e+03
7.778000000000000000e+03
7.825916666666666970e+03
7.721916666666666970e+03
7.689750000000000000e+03
7.830250000000000000e+03
7.824083333333333030e+03
7.661833333333333030e+03
7.687833333333333030e+03
7.826916666666666970e+03
7.877583333333333030e+03
7.702750000000000000e+03
7.673333333333333030e+03
7.807583333333333030e+03
7.882333333333333030e+03
7.672833333333333030e+03
7.702166666666666970e+03
7.891666666666666970e+03
7.839000000000000000e+03
7.724000000000000000e+03
7.695416666666666970e+03
7.800916666666666970e+03
7.808250000000000000e+03
7.686166666666666970e+03
7.744250000000000000e+03
7.868666666666666970e+03
7.842833333333333030e+03
7.675750000000000000e+03
7.669333333333333030e+03
7.858250000000000000e+03
7.867916666666666970e+03
7.667833333333333030e+03
7.692166666666666970e+03
7.887666666666666970e+03
7.808583333333333030e+03
7.672166666666666970e+03
7.701583333333333030e+03
7.837000000000000000e+03
7.911750000000000000e+03
7.682833333333333030e+03
7.706416666666666970e+03
7.880333333333333030e+03
7.842500000000000000e+03
7.666666666666666970e+03
7.698000000000000000e+03
7.815000000000000000e+03
7.876666666666666970e+03
7.656250000000000000e+03
7.703416666666666970e+03
7.842916666666666970e+03
7.842083333333333030e+03
7.710000000000000000e+03
7.677583333333333030e+03
7.832500000000000000e+03
7.778416666666666970e+03
7.727666666666666970e+03
7.677000000000000000e+03
7.799000000000000000e+03
7.863333333333333030e+03
7.705416666666666970e+03
7.724833333333333030e+03
7.856666666666666970e+03
7.841666666666666970e+03
7.692250000000000000e+03
7.693666666666666970e+03
7.823416666666666970e+03
7.813333333333333030e+03
7.677416666666666970e+03
7.674416666666666970e+03
7.840083333333333030e+03
7.872416666666666970e+03
7.683916666666666970e+03
7.689000000000000000e+03
7.826416666666666970e+03
7.937166666666666970e+03
7.694833333333333030e+03
7.715833333333333030e+03
7.799500000000000000e+03
7.833166666666666970e+03
7.688416666666666970e+03
7.704416666666666970e+03
7.816666666666666970e+03
7.861666666666666970e+03
7.679000000000000000e+03
7.691916666666666970e+03
7.832750000000000000e+03
7.777583333333333030e+03
7.699333333333333030e+03
7.694666666666666970e+03
7.882750000000000000e+03
7.879916666666666970e+03
7.721166666666666970e+03
7.696250000000000000e+03
7.860166666666666970e+03
7.856750000000000000e+03
7.693250000000000000e+03
7.700166666666666970e+03
7.814666666666666970e+03
7.796750000000000000e+03
7.672000000000000000e+03
7.681416666666666970e+03
7.811416666666666970e+03
7.907833333333333030e+03
7.682250000000000000e+03
7.668666666666666970e+03
7.858833333333333030e+03
7.902166666666666970e+03
7.701750000000000000e+03
7.672250000000000000e+03
7.827416666666666970e+03
7.856500000000000000e+03
7.686500000000000000e+03
7.657000000000000000e+03
7.845833333333333030e+03
7.854000000000000000e+03
7.663500000000000000e+03
7.750583333333333030e+03
7.825750000000000000e+03
7.821750000000000000e+03
7.666250000000000000e+03
7.701333333333333030e+03
7.838583333333333030e+03
7.851500000000000000e+03
7.724250000000000000e+03
7.687583333333333030e+03
7.804833333333333030e+03
7.870333333333333030e+03
7.652500000000000000e+03
7.683583333333333030e+03
7.757250000000000000e+03
7.922333333333333030e+03
7.704166666666666970e+03
7.740916666666666970e+03
7.811333333333333030e+03
8.256666666666666060e+03
7.667750000000000000e+03
7.684916666666666970e+03
7.803166666666666970e+03
7.919583333333333030e+03
7.720833333333333030e+03
7.689500000000000000e+03
7.828500000000000000e+03
7.810666666666666970e+03
7.676666666666666970e+03
7.752333333333333030e+03
7.902166666666666970e+03
7.828916666666666970e+03
7.686416666666666970e+03
7.699916666666666970e+03
7.866250000000000000e+03
7.845000000000000000e+03
7.689750000000000000e+03
7.701666666666666970e+03
7.801333333333333030e+03
7.799500000000000000e+03
7.678583333333333030e+03
7.701416666666666970e+03
7.748416666666666970e+03
7.821583333333333030e+03
7.680166666666666970e+03
7.682083333333333030e+03
7.815333333333333030e+03
7.788166666666666970e+03
7.701166666666666970e+03
7.673000000000000000e+03
7.789250000000000000e+03
7.841000000000000000e+03
7.673750000000000000e+03
7.739666666666666970e+03
7.812166666666666970e+03
7.818000000000000000e+03
7.653000000000000000e+03
7.665416666666666970e+03
7.851000000000000000e+03
7.788333333333333030e+03
7.694000000000000000e+03
7.705916666666666970e+03
7.823250000000000000e+03
7.853083333333333030e+03
7.669416666666666970e+03
7.689583333333333030e+03
7.836583333333333030e+03
7.801666666666666970e+03
7.693166666666666970e+03
7.665250000000000000e+03
7.843083333333333030e+03
7.805833333333333030e+03
7.660000000000000000e+03
7.659666666666666970e+03
7.824250000000000000e+03
7.794166666666666970e+03
7.661916666666666970e+03
7.662666666666666970e+03
7.567500000000000000e+03
7.569666666666666970e+03
7.571416666666666970e+03
7.578750000000000000e+03
7.574500000000000000e+03
7.569750000000000000e+03
7.572416666666666970e+03
7.585000000000000000e+03
7.873833333333333030e+03
7.867083333333333030e+03
